data/NGC1866_data_tables/Iband_variable_lightcurve_table.ecsv
# %ECSV 0.9
# ---
# datatype:
# - {name: filename, datatype: string}
# - {name: date_obs, datatype: float64}
# - {name: mag_1, datatype: float64}
# - {name: mag_err_1, datatype: float64}
# - {name: mag_2, datatype: float64}
# - {name: mag_err_2, datatype: float64}
# - {name: mag_3, datatype: float64}
# - {name: mag_err_3, datatype: float64}
# - {name: mag_4, datatype: float64}
# - {name: mag_err_4, datatype: float64}
# - {name: mag_5, datatype: float64}
# - {name: mag_err_5, datatype: float64}
# - {name: mag_6, datatype: float64}
# - {name: mag_err_6, datatype: float64}
# - {name: mag_7, datatype: float64}
# - {name: mag_err_7, datatype: float64}
# - {name: mag_8, datatype: float64}
# - {name: mag_err_8, datatype: float64}
# - {name: mag_9, datatype: float64}
# - {name: mag_err_9, datatype: float64}
# - {name: mag_10, datatype: float64}
# - {name: mag_err_10, datatype: float64}
# - {name: mag_11, datatype: float64}
# - {name: mag_err_11, datatype: float64}
# - {name: mag_12, datatype: float64}
# - {name: mag_err_12, datatype: float64}
# - {name: mag_13, datatype: float64}
# - {name: mag_err_13, datatype: float64}
# - {name: mag_14, datatype: float64}
# - {name: mag_err_14, datatype: float64}
# - {name: mag_15, datatype: float64}
# - {name: mag_err_15, datatype: float64}
# - {name: mag_16, datatype: float64}
# - {name: mag_err_16, datatype: float64}
# - {name: mag_17, datatype: float64}
# - {name: mag_err_17, datatype: float64}
# - {name: mag_18, datatype: float64}
# - {name: mag_err_18, datatype: float64}
# - {name: mag_19, datatype: float64}
# - {name: mag_err_19, datatype: float64}
# - {name: mag_20, datatype: float64}
# - {name: mag_err_20, datatype: float64}
# - {name: mag_21, datatype: float64}
# - {name: mag_err_21, datatype: float64}
# - {name: mag_22, datatype: float64}
# - {name: mag_err_22, datatype: float64}
# - {name: mag_23, datatype: float64}
# - {name: mag_err_23, datatype: float64}
# - {name: mag_24, datatype: float64}
# - {name: mag_err_24, datatype: float64}
# - {name: mag_25, datatype: float64}
# - {name: mag_err_25, datatype: float64}
# - {name: mag_26, datatype: float64}
# - {name: mag_err_26, datatype: float64}
# - {name: mag_27, datatype: float64}
# - {name: mag_err_27, datatype: float64}
# - {name: mag_28, datatype: float64}
# - {name: mag_err_28, datatype: float64}
# - {name: mag_29, datatype: float64}
# - {name: mag_err_29, datatype: float64}
# - {name: mag_30, datatype: float64}
# - {name: mag_err_30, datatype: float64}
# - {name: mag_31, datatype: float64}
# - {name: mag_err_31, datatype: float64}
# - {name: mag_32, datatype: float64}
# - {name: mag_err_32, datatype: float64}
# - {name: mag_33, datatype: float64}
# - {name: mag_err_33, datatype: float64}
# - {name: mag_34, datatype: float64}
# - {name: mag_err_34, datatype: float64}
# - {name: mag_35, datatype: float64}
# - {name: mag_err_35, datatype: float64}
# - {name: mag_36, datatype: float64}
# - {name: mag_err_36, datatype: float64}
# - {name: mag_37, datatype: float64}
# - {name: mag_err_37, datatype: float64}
# - {name: mag_38, datatype: float64}
# - {name: mag_err_38, datatype: float64}
# - {name: mag_39, datatype: float64}
# - {name: mag_err_39, datatype: float64}
# - {name: mag_40, datatype: float64}
# - {name: mag_err_40, datatype: float64}
# - {name: mag_41, datatype: float64}
[...]
# - {name: mag_42, datatype: float64}
# - {name: mag_err_42, datatype: float64}
# - {name: mag_43, datatype: float64}
# - {name: mag_err_43, datatype: float64}
# - {name: mag_44, datatype: float64}
# - {name: mag_err_44, datatype: float64}
# - {name: mag_45, datatype: float64}
# - {name: mag_err_45, datatype: float64}
# - {name: mag_46, datatype: float64}
# - {name: mag_err_46, datatype: float64}
# - {name: mag_47, datatype: float64}
# - {name: mag_err_47, datatype: float64}
# - {name: mag_48, datatype: float64}
# - {name: mag_err_48, datatype: float64}
# - {name: mag_49, datatype: float64}
# - {name: mag_err_49, datatype: float64}
# - {name: mag_50, datatype: float64}
# - {name: mag_err_50, datatype: float64}
# schema: astropy-2.0
filename date_obs mag_1 mag_err_1 mag_2 mag_err_2 mag_3 mag_err_3 mag_4 mag_err_4 mag_5 mag_err_5 mag_6 mag_err_6 mag_7 mag_err_7 mag_8 mag_err_8 mag_9 mag_err_9 mag_10 mag_err_10 mag_11 mag_err_11 mag_12 mag_err_12 mag_13 mag_err_13 mag_14 mag_err_14 mag_15 mag_err_15 mag_16 mag_err_16 mag_17 mag_err_17 mag_18 mag_err_18 mag_19 mag_err_19 mag_20 mag_err_20 mag_21 mag_err_21 mag_22 mag_err_22 mag_23 mag_err_23 mag_24 mag_err_24 mag_25 mag_err_25 mag_26 mag_err_26 mag_27 mag_err_27 mag_28 mag_err_28 mag_29 mag_err_29 mag_30 mag_err_30 mag_31 mag_err_31 mag_32 mag_err_32 mag_33 mag_err_33 mag_34 mag_err_34 mag_35 mag_err_35 mag_36 mag_err_36 mag_37 mag_err_37 mag_38 mag_err_38 mag_39 mag_err_39 mag_40 mag_err_40 mag_41 mag_err_41 mag_42 mag_err_42 mag_43 mag_err_43 mag_44 mag_err_44 mag_45 mag_err_45 mag_46 mag_err_46 mag_47 mag_err_47 mag_48 mag_err_48 mag_49 mag_err_49 mag_50 mag_err_50
[from data line 17]
../data/NGC1866_images/coj2m002-fs01-20160126-0092-e90_aligned.sub_new.fits 57413.42948327546 nan nan 86.85339054042204 5.1619940459675115 52.076355594255126 4.689114174815197 26.151032448542065 4.35923323223611 -207.46297734574543 4.846914679758921 255.73471721397024 4.951801554436169 16.832886857293055 4.269504221949282 -27.017352413503705 5.535485475235944 -20.397787827448813 4.218351516068489 15.236198818627363 4.570423613849813 -101.93276123308269 4.510909799681256 76.77076998518197 4.969442623037509 -267.40735779705096 4.974859591157896 -9.170846863267656 4.25514830739916 -9.247630558947439 4.277751045286693 -109.65392090040832 5.988100653770299 -114.53774580047691 4.486866201416072 90.41562592107428 4.369452929953747 96.45967323496943 5.257654466374779 -23.395200280394075 4.613029003546839 -161.23961275389152 4.71593386341256 -265.25283917697806 4.982991327937465 -43.9338620408587 5.26325396194077 -10.296370513242945 4.174114727535303 -413.3652771797955 5.446800894434578 -312.4370590192318 5.130170605238376 77.80620880990327 4.7274314758322475 54.636753765655484 4.989756648009351 918.9595874141224 7.168733465914634 12.989077521635604 4.596241023342232 216.512653385545 4.84224227907697 15.600200842696188 4.40660965007561 204.4384220357402 5.7307771849740305 -78.773978947555 4.486743990241121 398.0622620273133 5.534658602264239 -229.70328831001248 4.867000656696714 229.31704436601876 4.844496642453644 196.31117041165774 4.728188472119071 759.598974273143 7.378220775463705 -194.7419969790498 4.726641311229645 -374.4959886889818 5.315909673389374 13.134035010101842 4.654550683097674 9.125554661219622 4.2656983068788685 -90.48485982844358 4.400234846290086 105.39829919305122 6.8220310952082555 53.83247687140327 4.428814956312076 32.65549545810019 4.461954648413725 -34.232363306205755 4.4992316212841725 nan nan 254.7929730484963 5.992780030572804
../data/NGC1866_images/coj2m002-fs01-20160126-0133-e90_aligned.sub_new.fits 57413.51141108797 -468.79026011729434 5.675984179210293 44.20347684022237 4.581527181816636 -19.29583568805318 4.854597269797571 20.269272390377644 4.54647291368565 -211.91935054681045 4.8380939239312735 159.8857299309104 4.639489349612551 13.988166142459226 4.456146680403122 -122.21184883059483 6.169610689301652 96.09463677709938 4.441790932559172 -19.975364857175393 4.564398282644163 -131.6739689618486 4.564910245720122 46.60763631368687 4.759260141571707 -222.52423630061665 4.8256403592637485 -5.240563173049176 4.29169691386768 -84.63101588673808 4.387911743493384 -130.83189346343443 5.152863591124853 -181.61678443893913 4.687351059245399 40.438330091372634 4.299198235630893 94.16508223107171 4.77263969490357 -47.05945016260332 4.527308496697303 -177.31229178514047 4.695274407173483 -240.99398643298534 4.912204553959414 71.82063960551595 4.5708547702942575 -34.894353500980706 4.309730536086978 -401.22650577664297 5.405919432598358 -308.7790606371453 5.115446221925683 113.01020699974237 4.652132687619318 47.735893981481475 4.6616298154576095 974.5261253106924 7.01122565081801 30.883722223976587 4.6310028233263925 347.02263869652654 5.236153744929725 -3.8700188310706554 4.314785216063762 274.46993398484494 5.327034584302498 -101.40688678762434 4.53241854501305 261.8976924303639 5.160964376602354 -230.08391213666346 4.8596186697996835 227.75947442248386 4.854661415683887 164.01102676965908 4.6503349516924715 -108.15129473030348 4.836077752617498 -158.18166931466598 4.618597209867991 -305.2941538750619 5.0958916317810035 -9.143499805646504 4.510919293160129 -6.947550793165439 4.300059716618759 -34.74791561232389 4.337555812568842 -20.205858137787438 4.686428201133882 10.502742599972716 4.415257283224131 20.3196090825045 4.339441614188419 -48.03710498775395 4.6166419824065 96.31787003876512 4.550152690779158 76.88044747181453 4.896044260924663
../data/NGC1866_images/coj2m002-fs01-20160130-0119-e90_aligned.sub_new.fits 57417.46896460648 517.830781005042 5.768878329321803 76.67389832859408 4.631284669569892 8.452994545983262 4.299844137182425 33.029826247065095 4.392278268770499 -209.80711848906745 4.772618203167146 -3.8327458589018395 4.27088646540798 -134.94044357741893 4.521158201702462 -62.558383303684835 5.001929277800324 -73.99700597591209 4.299839379261545 -15.12079582383013 4.352672375500488 -339.17162474995916 5.204587429207647 53.483769341348996 4.634220881759634 485.95315072974313 5.648942172564173 -6.747062602838271 4.172043667552618 155.0855452762992 4.620285055722536 10.7504861372038 5.545044231903473 -203.44161539700966 4.760366983054225 41.76897352885916 4.3376914162438736 133.88228501875562 5.291538353384478 -219.39183851001874 5.094406707647134 379.2546514637837 5.384459292869763 -168.15300628889133 4.7233393734565485 209.70571256153033 5.0681069287069445 -69.62121052603236 4.304902201193097 220.2978847578325 4.8488644422365645 265.8230860733858 4.985754116302003 62.680689442258654 4.711828723537173 76.40940650782048 4.600870432622768 1247.1262889353027 7.741436900212607 41.491667109237156 4.43286696787642 155.27130896228985 4.677110404803199 24.49268376091485 4.339517963998251 200.17499424471288 5.614195715677559 -350.1025679621872 5.270111173440608 41.20251427112296 4.4575418756814225 316.70484172328827 5.131112813768705 179.0474014101777 4.762663807752015 184.730673097255 4.692452466542063 551.7270972617475 6.069304643757788 10.31621114812345 4.279766739524623 253.53520169072107 4.918343784312981 -39.15055936615317 4.560863646762294 210.846829430191 4.788561360562039 125.0308484901192 4.516517780890317 -21.294928521853535 6.988063387901422 40.52963442317015 4.360184919643776 19.653572767516298 4.352339840289406 -68.07212633202212 4.698840412231898 nan nan 130.78079767453983 5.710367861073189
../data/NGC1866_images/coj2m002-fs01-20160131-0173-e90_aligned.sub_new.fits 57418.60357957176 -10.770190020467547 6.109644113697878 46.48104552567856 5.0081317853630205 1.2675355573555112 4.9100866775618375 4.905219682013092 4.461050549272687 129.04122606904215 4.806530990325467 726.5997237246781 6.319553950644041 325.1192895897809 5.181497734636852 -58.498079916193525 5.778908546310387 -170.57626594669156 4.658870107781933 -9.32239774259096 4.528559957606295 55.77930161555271 4.428871550800299 38.260648673047385 4.749247742059199 438.0268602902461 5.51982500738741 -31.976553282977317 4.272807531733037 198.7664798422496 4.8601038481692935 -32.97159093355133 6.057851208969991 114.78368781816124 4.512949586970524 66.40579264579684 4.393363377162951 142.2748970460366 5.516230145918693 177.48503046705767 4.88859397684281 -9.101689864135846 4.490508775153642 40.53335056552423 4.394784369687699 4.265412212104049 5.1988903962711 -79.07542448266942 4.356622124517841 -163.38032699862177 4.76766628940373 -103.83488133451597 4.607365946809102 115.18394320854922 4.921670634395125 56.65941473753113 5.02994154442496 1426.1273384911203 8.084514363380345 40.847019385546986 4.42521322774473 -156.17654267112374 4.652061211710564 -22.98563281357905 4.478918160849081 252.4532071655484 6.401745328857637 150.2274895658789 4.630367582573963 -268.9420152792157 5.15027326717473 -148.52705932626785 4.64163313048696 -33.5007960895305 4.554449095855735 -83.0130622224893 4.485603461304205 89.4351515584287 5.079921149186504 15.88137240255966 4.264151709046488 75.08741347260063 4.460221670942511 -13.872211392149133 4.691502983875986 272.56246524753755 5.001302789391212 -136.12328799290822 4.529186818660021 11.891184354655731 6.689560130473754 29.90239437893408 4.542731947320814 70.68970710407048 4.599546113286351 -3.3551181546536077 4.426249683233269 119.96647388322138 4.985304029762962 183.2139412356877 5.777741697941045
../data/NGC1866_images/coj2m002-fs01-20160209-0096-e90_aligned.sub_new.fits 57427.43401685185 -13.424028003309559 4.78960752042631 99.19579499014398 4.842771820196715 14.83012222652845 4.405874643608246 40.88418196113192 4.3097111587281764 -154.707938272818 4.6354728591073115 -127.37382547568355 4.620681658844901 306.1422374243641 5.099739251527967 50.68231833214582 5.419118663393851 112.971485579884 4.454202390891897 -10.210764477463647 4.674892926448834 112.3925211265758 4.582493487800869 35.75167832649605 4.69040558825057 -287.57408762369306 5.046790548699054 -1.5636792945072109 4.251851174745383 397.5275824566296 5.402468079130025 -333.5593069040719 5.901314467048933 169.40996285238865 4.675963003968035 -13.369488154665966 4.298277203829256 81.05487224499653 4.816312278867044 75.39826985330093 4.600925774445135 85.16174221990985 4.65487779738729 -170.60937679778547 4.688687134331754 26.33834897679232 4.7498171357424726 13.351365662324401 4.271586576844872 -55.38736623452508 4.436139883333269 -54.45431582448594 4.4469060845846435 55.87241850571 4.658033767925941 86.36719650762991 4.8691833030330915 1877.046922914971 8.866212110207696 44.4127848884154 4.405895165950509 -62.56270668997707 4.530522706115429 -37.06225875821715 4.366344006487819 46.754249524483825 5.27244698986687 53.63240212533875 4.457755284421483 -73.29830616036257 4.563225426932036 -349.704551152154 5.262197336258344 227.68382203687673 4.881898713972526 187.99848375479192 4.765024631442251 537.0185197793468 5.907780494225934 -4.609383595211346 4.305728673896589 -397.6929260533188 5.387001288764791 -16.221715862380456 4.757820884096812 389.82592745796484 5.3724900897535095 -125.03141971845119 4.556136437613929 98.5218792999885 6.2214035331701 17.406396589993616 4.447012350855339 37.146874136029915 4.42198753507734 -3.958808562898572 4.450097228138036 nan nan 232.25291657752223 6.205466434527789
../data/NGC1866_images/coj2m002-fs01-20160210-0098-e90_aligned.sub_new.fits 57428.44154543981 -698.6217343019848 6.352154388126877 50.13718632061871 4.756844612641228 -21.698375884304944 4.406671284710916 9.734950541596591 4.391408237841803 117.50775562605098 4.5327369198783805 757.3409615453705 6.399351937074777 195.87314460244446 4.735526311812219 35.093117247077394 5.366499113879388 -146.2592981371806 4.557421439115824 10.222781089350047 4.5631457354471925 -205.43802616566373 4.785647119399099 6.98204051314621 4.688422782271635 673.1147043873021 6.176096045960083 -25.164458202361057 4.17039597366317 50.4616673118277 4.295189722571396 -414.54668523108677 6.372746409433949 -79.79132009782097 4.390104197581495 99.1498297090592 4.396518257403442 137.19655641768776 5.2999516813805 34.926703192929224 4.7599465875788445 -148.05501443312772 4.65882658992924 66.7892635485687 4.4334861937926515 -95.02684610833684 5.174945231390181 47.63869493928505 4.250240154225602 -376.3386564330851 5.336367557387095 -333.06524571187384 5.212417122789971 85.68541824558731 4.765865458673278 142.21286884744123 5.245276514551899 1774.0457853565892 8.803542563171865 51.36996168264809 4.3968996645643585 -107.21249249465193 4.567646806173483 -0.7553425379092283 4.368479764486856 -6.016894701653343 5.6354607115553 -238.1429501220734 4.933303876565157 -341.35772181413284 5.283597014504438 268.4646438115918 4.988384809253677 53.981262103082294 4.425949025820162 -84.0380914316579 4.395845648020747 291.7605321709568 5.844970538612318 8.145479151286077 4.274055055374808 288.53377902843897 5.0361846062342766 -51.07855065352866 4.475149504424635 96.75983177511645 4.422420284963329 171.6129229862763 4.639114655339261 -11.340144960768807 6.312362016250001 37.90057098338869 4.3431626957586325 29.02052978436033 4.364788220208642 -8.505247188625013 4.4135718075474974 nan nan 204.47049766569185 5.571005496470586
../data/NGC1866_images/coj2m002-fs01-20160216-0099-e90_aligned.sub_new.fits 57434.45260646991 -461.5270317454166 5.733497778455851 -2.037122777254777 4.5743992537101414 -0.7263622923349156 4.442593343290539 -0.6281887268890942 4.419675053502855 102.44284846973282 4.458272850611361 186.89391426135913 4.7169701374225745 285.0333463601247 5.022137024281646 76.89326921888359 5.779097822776438 -165.3518332843377 4.620659180221277 -17.92935724769042 4.754678212208216 -231.07286816805072 4.860087421280198 6.563983448203716 4.8314278793112555 -154.68304010671034 4.603476207688733 -39.723813706119365 4.23973753665184 142.70610087546055 4.568817321749411 -574.5668167815151 6.468332264394419 -72.37837885847418 4.376519324276463 126.96062266774571 4.498348757949388 -6.608116561765531 5.394902151927542 14.593423529680411 4.644612425242711 -114.55013886415364 4.557704319550909 65.05112739989703 4.45171136682926 -138.28975677253942 5.359979301242815 -70.10926490414286 4.284582343300147 -317.82721768827776 5.1390880299806705 -225.32176725861328 4.871426500109241 28.72184677990868 4.7345669475565755 -6.325348104951081 5.2048604217925325 1902.43738338237 9.030185281446188 14.657245780829468 4.448491171017986 -230.07184820091535 4.873211596858922 -27.74377762253222 4.381969982334883 -586.0490064913738 6.642257027682126 -395.64377253156476 5.3992144011779235 -279.43784242803474 5.084471015997293 -152.36847300280132 4.612765949756236 154.25257155104535 4.656631175018603 -174.40448377069347 4.647648091150544 -126.26696895619664 7.653387034544773 79.05475352604964 4.43748117008847 -392.68959560004635 5.37398799208334 0.4288891424548797 4.777380236315623 125.74574439204444 4.499878273022151 254.29067435918753 4.918235572697488 -96.8888887809334 7.379258115495665 33.56950102361519 4.491046612420703 43.21432458112543 4.3955229480935305 -53.985020682775875 5.3370124394351155 nan nan 60.22203081644638 6.742848322764303
