data/NGC1866_data_tables/Iband_variable_lightcurve_table.ecsv
# %ECSV 0.9
# ---
# datatype:
# - {name: filename, datatype: string}
# - {name: date_obs, datatype: float64}
# - {name: mag_1, datatype: float64}
# - {name: mag_err_1, datatype: float64}
# - {name: mag_2, datatype: float64}
# - {name: mag_err_2, datatype: float64}
# - {name: mag_3, datatype: float64}
# - {name: mag_err_3, datatype: float64}
# - {name: mag_4, datatype: float64}
# - {name: mag_err_4, datatype: float64}
# - {name: mag_5, datatype: float64}
# - {name: mag_err_5, datatype: float64}
# - {name: mag_6, datatype: float64}
# - {name: mag_err_6, datatype: float64}
# - {name: mag_7, datatype: float64}
# - {name: mag_err_7, datatype: float64}
# - {name: mag_8, datatype: float64}
# - {name: mag_err_8, datatype: float64}
# - {name: mag_9, datatype: float64}
# - {name: mag_err_9, datatype: float64}
# - {name: mag_10, datatype: float64}
# - {name: mag_err_10, datatype: float64}
# - {name: mag_11, datatype: float64}
# - {name: mag_err_11, datatype: float64}
# - {name: mag_12, datatype: float64}
# - {name: mag_err_12, datatype: float64}
# - {name: mag_13, datatype: float64}
# - {name: mag_err_13, datatype: float64}
# - {name: mag_14, datatype: float64}
# - {name: mag_err_14, datatype: float64}
# - {name: mag_15, datatype: float64}
# - {name: mag_err_15, datatype: float64}
# - {name: mag_16, datatype: float64}
# - {name: mag_err_16, datatype: float64}
# - {name: mag_17, datatype: float64}
# - {name: mag_err_17, datatype: float64}
# - {name: mag_18, datatype: float64}
# - {name: mag_err_18, datatype: float64}
# - {name: mag_19, datatype: float64}
# - {name: mag_err_19, datatype: float64}
# - {name: mag_20, datatype: float64}
# - {name: mag_err_20, datatype: float64}
# - {name: mag_21, datatype: float64}
# - {name: mag_err_21, datatype: float64}
# - {name: mag_22, datatype: float64}
# - {name: mag_err_22, datatype: float64}
# - {name: mag_23, datatype: float64}
# - {name: mag_err_23, datatype: float64}
# - {name: mag_24, datatype: float64}
# - {name: mag_err_24, datatype: float64}
# - {name: mag_25, datatype: float64}
# - {name: mag_err_25, datatype: float64}
# - {name: mag_26, datatype: float64}
# - {name: mag_err_26, datatype: float64}
# - {name: mag_27, datatype: float64}
# - {name: mag_err_27, datatype: float64}
# - {name: mag_28, datatype: float64}
# - {name: mag_err_28, datatype: float64}
# - {name: mag_29, datatype: float64}
# - {name: mag_err_29, datatype: float64}
# - {name: mag_30, datatype: float64}
# - {name: mag_err_30, datatype: float64}
# - {name: mag_31, datatype: float64}
# - {name: mag_err_31, datatype: float64}
# - {name: mag_32, datatype: float64}
# - {name: mag_err_32, datatype: float64}
# - {name: mag_33, datatype: float64}
# - {name: mag_err_33, datatype: float64}
# - {name: mag_34, datatype: float64}
# - {name: mag_err_34, datatype: float64}
# - {name: mag_35, datatype: float64}
# - {name: mag_err_35, datatype: float64}
# - {name: mag_36, datatype: float64}
# - {name: mag_err_36, datatype: float64}
# - {name: mag_37, datatype: float64}
# - {name: mag_err_37, datatype: float64}
# - {name: mag_38, datatype: float64}
# - {name: mag_err_38, datatype: float64}
# - {name: mag_39, datatype: float64}
# - {name: mag_err_39, datatype: float64}
# - {name: mag_40, datatype: float64}
# - {name: mag_err_40, datatype: float64}
# - {name: mag_41, datatype: float64}
[...]
# - {name: mag_42, datatype: float64}
# - {name: mag_err_42, datatype: float64}
# - {name: mag_43, datatype: float64}
# - {name: mag_err_43, datatype: float64}
# - {name: mag_44, datatype: float64}
# - {name: mag_err_44, datatype: float64}
# - {name: mag_45, datatype: float64}
# - {name: mag_err_45, datatype: float64}
# - {name: mag_46, datatype: float64}
# - {name: mag_err_46, datatype: float64}
# - {name: mag_47, datatype: float64}
# - {name: mag_err_47, datatype: float64}
# - {name: mag_48, datatype: float64}
# - {name: mag_err_48, datatype: float64}
# - {name: mag_49, datatype: float64}
# - {name: mag_err_49, datatype: float64}
# - {name: mag_50, datatype: float64}
# - {name: mag_err_50, datatype: float64}
# schema: astropy-2.0
filename date_obs mag_1 mag_err_1 mag_2 mag_err_2 mag_3 mag_err_3 mag_4 mag_err_4 mag_5 mag_err_5 mag_6 mag_err_6 mag_7 mag_err_7 mag_8 mag_err_8 mag_9 mag_err_9 mag_10 mag_err_10 mag_11 mag_err_11 mag_12 mag_err_12 mag_13 mag_err_13 mag_14 mag_err_14 mag_15 mag_err_15 mag_16 mag_err_16 mag_17 mag_err_17 mag_18 mag_err_18 mag_19 mag_err_19 mag_20 mag_err_20 mag_21 mag_err_21 mag_22 mag_err_22 mag_23 mag_err_23 mag_24 mag_err_24 mag_25 mag_err_25 mag_26 mag_err_26 mag_27 mag_err_27 mag_28 mag_err_28 mag_29 mag_err_29 mag_30 mag_err_30 mag_31 mag_err_31 mag_32 mag_err_32 mag_33 mag_err_33 mag_34 mag_err_34 mag_35 mag_err_35 mag_36 mag_err_36 mag_37 mag_err_37 mag_38 mag_err_38 mag_39 mag_err_39 mag_40 mag_err_40 mag_41 mag_err_41 mag_42 mag_err_42 mag_43 mag_err_43 mag_44 mag_err_44 mag_45 mag_err_45 mag_46 mag_err_46 mag_47 mag_err_47 mag_48 mag_err_48 mag_49 mag_err_49 mag_50 mag_err_50
../data/NGC1866_images/coj2m002-fs01-20151005-0025-e90_aligned.sub_new.fits 57300.77190268518 -266.4649739980995 5.09344293315215 31.876502880290538 4.373504718884325 -3.2888094857344403 4.363101326499135 -5.693622262378877 4.308731387316147 -75.52387723178585 4.383288591538093 337.7267971634167 5.19364941657196 -87.34318094088393 4.358350338328934 58.50807879031874 4.918050228536847 93.5680009142311 4.3627956807915504 23.46897625802609 4.402214942498242 -9.036867090516207 4.260124734823928 85.30039728396649 4.6840497876311025 963.6747368099445 6.915887285585217 -78.67110818671934 4.312295069874513 206.81150652695865 4.7633432867387615 1363.6215603322667 7.820575431166206 -62.83827697379557 4.360556809109292 48.28675109554592 4.264814965499256 112.67224709326415 4.76120801718106 -167.50104269501767 4.753452161772114 -125.08347939130275 4.537994965673388 -66.96623460243295 4.431541097166461 158.5391626154715 4.801958061143359 -69.96381803150797 4.3249900262369785 -177.67127028206357 4.736092457155238 -201.51150344317844 4.767511875884897 -2.742188989621463 4.460710562610811 24.011078246776503 4.826111710927776 567.6532067686097 6.170281668630904 9.45349781056831 4.375223593744918 321.5258429753501 5.148734509903888 -31.226605877436743 4.29679298625132 300.0883260585286 5.243683033439609 374.38926779029873 5.32780628051572 99.35987096936597 4.703923908988281 20.137667280036734 4.282132795212168 25.40613068256756 4.324939326450921 157.26932448786837 4.600284813422382 193.0894540616637 5.544082562535836 -188.84279991275724 4.7183309193064344 -321.5952352234246 5.143951050678328 -32.059749733923866 4.498946283512028 386.4310472324997 5.3514974303079885 -110.57300099128756 4.48392587531442 259.2741145415541 5.64130738932668 30.92931262000848 4.391107854664048 17.208700000911314 4.481970305640824 -3.8580753494360933 4.3612498002369895 251.4104903784558 4.9549152666943534 87.96955143307689 5.6031521837748235
../data/NGC1866_images/coj2m002-fs01-20151008-0154-e90_aligned.sub_new.fits 57303.76754516204 -492.6760564253769 5.734235676182897 6.579190184545566 4.7372981408594885 7.316843478271315 4.498077400995874 3.2758510703152264 4.544897363609436 -7.022427609582153 4.430316357120918 398.5783504091506 5.393905868088547 -52.7595995061433 4.394275705065884 32.404112449917776 5.332030456988258 -37.03879864217993 4.339408796861112 1.5669457633036563 4.564239299390885 -13.648934066134784 4.3637327242342 50.616577486749165 4.857517100966776 -212.21553390368436 4.807860175702021 -50.57045834159482 4.272792191061751 257.99570072799645 4.962806819031253 1396.7974660042128 7.9148716148751275 -49.221675182653584 4.426282457786144 27.34726336724066 4.366541921770138 170.4257142844925 5.336843977203077 -147.84222520534328 4.864664654324009 -131.11001937214692 4.650367138430577 -18.727586934670846 4.453912839580429 130.04914194943234 5.0743845375071945 20.301247071774394 4.290987652830112 -130.97458038256022 4.730255208814836 -158.4595822526644 4.75862008154061 30.336955526920736 4.706557627699067 21.82726335934101 4.824137316764705 539.7106475559148 6.789508623902528 16.754659664265077 4.4995905391242434 376.5619733405372 5.332131743398253 -10.296115612331551 4.385912470140721 347.40694498996197 5.7658126294596475 338.0937532383247 5.275291164731369 209.92152103125724 5.047160526214376 -55.943937387204166 4.414723449403684 111.64523100053216 4.564150785680494 -40.890293436545385 4.376538614179652 132.72217164165843 5.0139294208477345 -179.64020881780803 4.7418495960690255 -303.41300600296626 5.097250307322805 -59.05482670808687 4.687463257530869 415.1265257498893 5.442982997225337 -127.3561329029238 4.521909865781467 58.27518654610953 4.860769763863912 37.13571460155634 4.391336672497564 29.442702379996653 4.538388119546334 -62.38371434389266 4.809333823040381 nan nan 61.51841096500316 7.319705733931671
../data/NGC1866_images/coj2m002-fs01-20151010-0127-e90_aligned.sub_new.fits 57305.7638865006 -520.6287093985669 5.7811790629185085 11.376178447319857 4.536327793632849 0.904078518721046 4.787462968130992 10.299579797879696 4.420662920048638 -53.20896346945758 4.421846777841735 -175.8942765735134 4.697660679092754 221.68184615999797 4.834400262103975 3.4582655267736038 5.34790296691369 209.17401174260584 4.790236813961218 -7.496720061065978 4.64518134376548 190.72136702204094 4.757893856747083 40.83108669139329 4.895664452227198 91.81412094910357 4.554243353794351 -19.86179579007318 4.479526281055183 93.3200464543505 4.506674533691707 1288.587285736828 7.734556246120649 194.88081301343806 4.7727645577737485 27.972661877594014 4.321374061077674 71.61695354363911 5.114378314561034 -52.224025879120035 4.669832821684445 10.250723894327754 4.611214683328475 -152.72916234700034 4.723579164590584 -108.23084729825443 5.1111460020347135 10.162845671711755 4.2806721328840895 -251.0647524443001 5.06166266238309 -157.03791183048818 4.8786805754584135 -46.18622961977079 4.920148699851138 74.81637157169399 5.602861047555834 445.8270325037356 6.830771890935478 -18.493906551926496 4.85279141760722 -207.63886080997815 4.855217574563839 -60.145652709801496 4.6582627024846195 324.81395202095706 6.214019283609091 -357.9972899611693 5.306332067589515 -446.11239591449544 5.611182104877668 270.27579086763 5.058342804567979 -70.85278264438072 4.486123847448102 -42.14251861208721 4.458283484272444 -402.7261146468233 6.672703963339598 -19.609661539128197 4.437083699728472 102.89674831633336 4.5147023401263375 -101.22803501856751 5.093207739744907 -63.70132830520746 4.451494979070528 87.80918247671681 4.4462816751621554 11.307732409491958 5.083445840283774 23.588090290122924 4.372406990049929 42.648483412012226 4.4238283616534595 -35.71482580662898 4.801660607940988 264.19353428593837 4.987525716787503 133.17890617873576 6.049541967989471
../data/NGC1866_images/coj2m002-fs01-20151028-0040-e90_aligned.sub_new.fits 57323.46600765047 -392.88548006195543 5.432993239701935 -67.71279310253006 4.431240822550071 50.8579072854627 4.57618545064733 33.1639483739124 4.570557761621848 -81.14688865672525 4.586073621934868 187.15855925150342 4.738195679096736 70.93793868793333 4.366434875939571 39.10657354609737 5.075297224165188 -247.60311305874276 4.921642376581735 -52.553581713068766 4.512932960502666 55.64096810144988 4.533507189101764 28.810916500122776 4.592774435420482 -157.18637111153865 4.596943889523909 -62.15772070362998 4.383087492644339 11.5041131358162 4.37980272275677 961.6680395965874 6.942075502194385 24.864519349797117 4.567792950075676 73.1234171976411 4.54899415487693 82.37617459847846 4.731235782741686 132.9696363808051 4.653242591071512 267.860424297007 5.0025914781423895 -4.599396283885459 4.556425842345358 130.8781055389122 5.118478125338954 -71.16691637537284 4.425767757752493 -234.38219383480146 4.985407501474169 -118.73257839026527 4.69933786230975 24.818216440945502 4.71664637337781 17.3841332265417 4.969277104922183 1085.0727325002667 7.6385013184309685 14.325213522773918 4.4514736477298325 -66.16732929356176 4.571849717557419 -23.16964833910781 4.570763398046131 6.54844578289306 4.898412685783401 -10.703144426560378 4.501747301408478 88.16692595780492 4.733509939225868 -181.21764480722243 4.772791453018834 144.5935673279311 4.687784143222206 92.53958863087027 4.544945372725932 -301.0445289581939 5.224595436544577 -198.43398838011046 4.800598083502332 94.47696472986166 4.432897868659615 -63.07488302377845 4.734728931054057 116.08693983708523 4.5620972736120935 62.09938132421451 4.440372503302481 27.73903446517734 4.54475444134289 19.999883882086596 4.342323443334459 -46.37659869126852 4.376512360895295 -26.311396478854455 4.563118520798972 nan nan 98.18145375077066 6.84123459635339
../data/NGC1866_images/coj2m002-fs01-20151219-0089-e90_aligned.sub_new.fits 57375.57085743055 -186.27674830186487 4.925717387252388 18.744217494122015 4.706925214686587 17.555425127991846 4.279472052225538 -4.54577737575388 4.289255044367708 125.0184393752911 4.482368251588908 24.99864542301392 4.3903327835076515 24.07520000722871 4.223567771695398 -89.32148048610154 5.39387290613867 -153.82796054673162 4.571945957814639 -13.002085409443682 4.47420901559834 -230.16781965686306 4.871707273781781 29.87280323861626 4.5427568895336385 -249.89948682771686 4.914587542714495 -11.891401680488395 4.11778286826029 131.9095584059394 4.507512544414122 -770.218641951146 6.86651315247665 202.46620234734414 4.745482776772082 -56.660778403404024 4.2920035595790536 77.27752541171927 5.206471678019474 171.33837948793163 4.857967800015074 114.17159817348349 4.646436754560854 97.13670679404818 4.46139623955064 43.90977315987523 5.013426172964383 -21.659838442088223 4.202114457773661 -226.48957954466673 4.855397625901899 -141.60020515108326 4.595316472991027 41.32451238474888 4.721134547032675 -13.806686688744696 4.934797356462445 -156.49315035932878 6.6638062854673645 -54.357198718367506 4.383094739321095 -111.04741892649493 4.582260631735457 -23.311123004854924 4.3962459575043535 201.97194760446203 5.818440604409432 151.1234738699093 4.703232016851644 -27.987023291944233 4.5569748250921 -318.58453020342 5.162253142075714 230.6751764394809 4.8484957795662975 120.14087779522515 4.4728745142034 320.6501613332954 5.964650065449124 -33.935858566742354 4.246746981510812 348.7624774629532 5.228041928668961 -39.78363335604025 4.612414758671823 193.66537668886113 4.711598804346905 246.23116698116164 4.891844028963359 275.04842445531966 5.954458493181431 38.11660835463807 4.289619674115523 3.4361042611697052 4.406653203367275 10.025025872250442 4.29066322352742 nan nan 301.4561081907987 6.235469629160595
../data/NGC1866_images/coj2m002-fs01-20151227-0067-e90_aligned.sub_new.fits 57383.71431127315 -61.280536191408956 5.075232797595351 -10.885477987160499 4.2408246324811225 -13.861461562258576 4.162302847246209 1.7827732582819733 4.279091491806051 80.92970811608146 4.358179446857886 352.38597813714256 5.239582407861688 234.15313804661278 4.850397343963449 23.717486478735882 4.652196454039595 -131.76169426147888 4.49509045035897 -24.872320156959663 4.345793249776886 -34.50141190768556 4.3115410682888715 19.499668296061444 4.27975371723653 415.8019687291201 5.437561229807267 -8.827922107693153 4.211516999167045 235.02049167397956 4.854631418081628 -285.92356513560634 5.064380888567091 -35.359598563543926 4.340150308841061 109.28020723961777 4.44784442073706 291.22137513819337 5.05703495257218 254.86557999723394 4.932801620228693 539.9396162046756 5.8056001955809124 259.88948775169496 4.937115492306717 587.3448032991262 5.94014206442717 -54.84454242082256 4.229498712359647 365.571232620554 5.281355330841323 361.8145079480661 5.269486703058637 158.76864829247273 4.614558745427971 475.5919064313065 5.632758472293954 643.2753837300783 6.146944291782822 -8.494357824827171 4.190566572250525 736.5560736324464 6.344988167767353 145.05552147444894 4.555879839237819 394.729459789525 5.406137104841218 631.0286040223853 6.061459689089654 117.14981135656474 4.549434420159298 -137.08519758319656 4.535614728711897 67.40832685851224 4.333210057436228 71.84348543801266 4.365649424878791 488.24018426596115 5.697297229625456 -97.08364768035105 4.4157088480536215 -59.19038443670035 4.30349675255088 -70.15605510233513 4.3007953723276096 228.3756616350113 4.831854284218514 -114.18599534810167 4.42870624697615 484.1422237204823 6.395586655725109 33.69548544877292 4.213729633633705 20.4277390198751 4.307442972924269 127.38968019942838 4.850806284320628 99.39260120194855 4.37623953455146 234.68254330264466 5.513387966076465
../data/NGC1866_images/coj2m002-fs01-20151229-0228-e90_aligned.sub_new.fits 57385.55450025463 -70.55782729674199 5.092758449819679 48.38396886578914 5.112663834294412 52.36010012847349 4.4215326800253045 35.26577868829689 4.612402385068102 112.75720698991216 4.625576627557308 -63.88214371922638 4.456804303042207 -66.24481592984371 4.362270531731513 30.46419123250742 4.875455717262752 -14.844850906438515 4.202914138210974 -3.881078783631532 4.477677958885538 222.47022248528762 4.85113869621799 23.688338903856284 4.669330765615173 -125.72317109278306 4.540554552787725 -14.334501837911306 4.295104775944102 -40.720410460294495 4.323131306990244 -593.2287509288894 6.063569262026706 -9.003800941198326 4.236463203053121 45.29573997493887 4.377949180243051 65.38941092038027 4.649856763644525 -58.35517365274199 4.455544220335002 -142.53954338070304 4.575321679711566 71.12915745051238 4.438565416722953 -71.18818062901497 4.916053012905686 -29.232022645877088 4.281629536580783 225.1334168032569 4.940552417629164 208.31257742412677 4.842530774782028 25.83645698401199 4.5995737472834115 -118.14744556433597 4.826105134527044 -198.33465418255187 5.917653164520828 10.346428041858179 4.386154642705132 -201.63855185552256 4.798833029786112 -8.03295081214147 4.340193095337711 229.36342517838708 5.261651935148391 -274.595824410327 5.049965916616047 -126.28662173961679 4.758242470411427 -68.82767656859865 4.357335433716105 96.1073767912627 4.523188466207207 120.89771481588816 4.533899490892048 -228.36805469902657 5.088802995159463 -48.357705284216244 4.35018869545038 -52.042920363252435 4.334652471970865 -52.458382295583576 4.5727415099221425 16.84536629285089 4.3560524083597985 -16.410591821038874 4.24469371888066 28.28167493742058 4.74953512978378 -7.365825769186704 4.351578992036415 30.607272387837728 4.336285903450248 -88.83163344935807 4.6223447168160385 nan nan 42.02265701067232 4.856051370007505
../data/NGC1866_images/coj2m002-fs01-20151231-0094-e90_aligned.sub_new.fits 57387.480133125 -362.1137791211503 5.534562241617839 -20.222811122696314 4.5236026506474944 -14.584714058296923 4.541438344876966 -5.395288663741443 4.385945931750968 34.97853426293776 4.417872760213344 311.21453634470146 5.141547781681527 180.33208795632532 4.747245402925128 -8.869549814808355 5.103208038468035 254.28746153325483 4.947826673272652 -33.92679698063713 4.53455909305807 -246.06384201815794 4.954962802251567 20.506118096805995 4.749111616744886 471.6127009660184 5.622494450840462 -55.595636025302184 4.373378572712203 245.24730234414676 4.9470804986535954 -578.1206474807962 6.175314527476871 149.1426403000643 4.680419776306229 48.209250004568425 4.466078965142024 19.36690113196188 4.8522127326898925 20.512020748729082 4.617247126545933 167.68888564667395 4.8996391323404165 -222.53182755086937 4.943207369894583 67.07056033872719 4.858038289348133 -36.307035327065286 4.461643668840176 -394.4364094521352 5.41769158663856 -309.60672442807135 5.2151815119586535 -14.218900474553132 4.624411237367058 -119.63572326632156 5.009006774146673 -245.93870646897687 5.901583063428902 -14.009107185510983 4.539130552506533 16.897669292121343 4.486431377111021 -33.383622963764914 4.49947197560798 157.9770209466962 5.346389510487788 -7.976209532480412 4.670000291823456 289.5665271179687 5.42938024455405 310.3579492045958 5.1615957889422095 -29.990654531544966 4.4507334834954575 167.91075049331184 4.723770947137857 -73.58767631770252 5.0545457910483265 -80.21872196765769 4.59400914123913 -87.99333214256886 4.47714802624126 -20.16376784666967 4.61730538964551 292.05969460855613 5.087408836613607 241.08056106519084 4.902588546783629 -7.365477977920145 4.882674929182633 31.44549405528621 4.405183689916282 4.678107767455074 4.521706904245935 -123.2647393235265 4.733648836532649 nan nan 64.33418313870123 5.1120125814652715
