data/NGC1866_data_tables/Iband_variable_lightcurve_table.ecsv
# %ECSV 0.9
# ---
# datatype:
# - {name: filename, datatype: string}
# - {name: date_obs, datatype: float64}
# - {name: mag_1, datatype: float64}
# - {name: mag_err_1, datatype: float64}
# - {name: mag_2, datatype: float64}
# - {name: mag_err_2, datatype: float64}
# - {name: mag_3, datatype: float64}
# - {name: mag_err_3, datatype: float64}
# - {name: mag_4, datatype: float64}
# - {name: mag_err_4, datatype: float64}
# - {name: mag_5, datatype: float64}
# - {name: mag_err_5, datatype: float64}
# - {name: mag_6, datatype: float64}
# - {name: mag_err_6, datatype: float64}
# - {name: mag_7, datatype: float64}
# - {name: mag_err_7, datatype: float64}
# - {name: mag_8, datatype: float64}
# - {name: mag_err_8, datatype: float64}
# - {name: mag_9, datatype: float64}
# - {name: mag_err_9, datatype: float64}
# - {name: mag_10, datatype: float64}
# - {name: mag_err_10, datatype: float64}
# - {name: mag_11, datatype: float64}
# - {name: mag_err_11, datatype: float64}
# - {name: mag_12, datatype: float64}
# - {name: mag_err_12, datatype: float64}
# - {name: mag_13, datatype: float64}
# - {name: mag_err_13, datatype: float64}
# - {name: mag_14, datatype: float64}
# - {name: mag_err_14, datatype: float64}
# - {name: mag_15, datatype: float64}
# - {name: mag_err_15, datatype: float64}
# - {name: mag_16, datatype: float64}
# - {name: mag_err_16, datatype: float64}
# - {name: mag_17, datatype: float64}
# - {name: mag_err_17, datatype: float64}
# - {name: mag_18, datatype: float64}
# - {name: mag_err_18, datatype: float64}
# - {name: mag_19, datatype: float64}
# - {name: mag_err_19, datatype: float64}
# - {name: mag_20, datatype: float64}
# - {name: mag_err_20, datatype: float64}
# - {name: mag_21, datatype: float64}
# - {name: mag_err_21, datatype: float64}
# - {name: mag_22, datatype: float64}
# - {name: mag_err_22, datatype: float64}
# - {name: mag_23, datatype: float64}
# - {name: mag_err_23, datatype: float64}
# - {name: mag_24, datatype: float64}
# - {name: mag_err_24, datatype: float64}
# - {name: mag_25, datatype: float64}
# - {name: mag_err_25, datatype: float64}
# - {name: mag_26, datatype: float64}
# - {name: mag_err_26, datatype: float64}
# - {name: mag_27, datatype: float64}
# - {name: mag_err_27, datatype: float64}
# - {name: mag_28, datatype: float64}
# - {name: mag_err_28, datatype: float64}
# - {name: mag_29, datatype: float64}
# - {name: mag_err_29, datatype: float64}
# - {name: mag_30, datatype: float64}
# - {name: mag_err_30, datatype: float64}
# - {name: mag_31, datatype: float64}
# - {name: mag_err_31, datatype: float64}
# - {name: mag_32, datatype: float64}
# - {name: mag_err_32, datatype: float64}
# - {name: mag_33, datatype: float64}
# - {name: mag_err_33, datatype: float64}
# - {name: mag_34, datatype: float64}
# - {name: mag_err_34, datatype: float64}
# - {name: mag_35, datatype: float64}
# - {name: mag_err_35, datatype: float64}
# - {name: mag_36, datatype: float64}
# - {name: mag_err_36, datatype: float64}
# - {name: mag_37, datatype: float64}
# - {name: mag_err_37, datatype: float64}
# - {name: mag_38, datatype: float64}
# - {name: mag_err_38, datatype: float64}
# - {name: mag_39, datatype: float64}
# - {name: mag_err_39, datatype: float64}
# - {name: mag_40, datatype: float64}
# - {name: mag_err_40, datatype: float64}
# - {name: mag_41, datatype: float64}
[...]
# - {name: mag_42, datatype: float64}
# - {name: mag_err_42, datatype: float64}
# - {name: mag_43, datatype: float64}
# - {name: mag_err_43, datatype: float64}
# - {name: mag_44, datatype: float64}
# - {name: mag_err_44, datatype: float64}
# - {name: mag_45, datatype: float64}
# - {name: mag_err_45, datatype: float64}
# - {name: mag_46, datatype: float64}
# - {name: mag_err_46, datatype: float64}
# - {name: mag_47, datatype: float64}
# - {name: mag_err_47, datatype: float64}
# - {name: mag_48, datatype: float64}
# - {name: mag_err_48, datatype: float64}
# - {name: mag_49, datatype: float64}
# - {name: mag_err_49, datatype: float64}
# - {name: mag_50, datatype: float64}
# - {name: mag_err_50, datatype: float64}
# schema: astropy-2.0
filename date_obs mag_1 mag_err_1 mag_2 mag_err_2 mag_3 mag_err_3 mag_4 mag_err_4 mag_5 mag_err_5 mag_6 mag_err_6 mag_7 mag_err_7 mag_8 mag_err_8 mag_9 mag_err_9 mag_10 mag_err_10 mag_11 mag_err_11 mag_12 mag_err_12 mag_13 mag_err_13 mag_14 mag_err_14 mag_15 mag_err_15 mag_16 mag_err_16 mag_17 mag_err_17 mag_18 mag_err_18 mag_19 mag_err_19 mag_20 mag_err_20 mag_21 mag_err_21 mag_22 mag_err_22 mag_23 mag_err_23 mag_24 mag_err_24 mag_25 mag_err_25 mag_26 mag_err_26 mag_27 mag_err_27 mag_28 mag_err_28 mag_29 mag_err_29 mag_30 mag_err_30 mag_31 mag_err_31 mag_32 mag_err_32 mag_33 mag_err_33 mag_34 mag_err_34 mag_35 mag_err_35 mag_36 mag_err_36 mag_37 mag_err_37 mag_38 mag_err_38 mag_39 mag_err_39 mag_40 mag_err_40 mag_41 mag_err_41 mag_42 mag_err_42 mag_43 mag_err_43 mag_44 mag_err_44 mag_45 mag_err_45 mag_46 mag_err_46 mag_47 mag_err_47 mag_48 mag_err_48 mag_49 mag_err_49 mag_50 mag_err_50
[from data line 9]
../data/NGC1866_images/coj2m002-fs01-20160109-0129-e90_aligned.sub_new.fits 57396.56711802083 -86.16506719080594 4.7509555171392845 49.65100222169124 4.866756897684133 21.22435277752625 4.294373656164708 13.726279305210333 4.34107456312761 -52.87106915589007 4.385535897651133 581.8953981717449 5.9255154366652185 340.0948495348176 5.2010161853955355 225.91511763560368 5.241986824711231 -130.3238565799036 4.52808643348092 -25.843124450175146 4.4334865139612125 -300.06523836781764 5.0945900362162915 64.78923250625812 4.603453302213945 -253.7383942521807 4.918216564793644 -24.76186283659846 4.186903780382897 313.34607507190844 5.123579775715174 -263.03207336643476 5.943438834801555 138.02575282484722 4.547167248893972 -74.20983904332212 4.326197836102661 125.11985966375208 5.130828203527808 -10.112105061194493 4.473801856206307 224.44846602666595 4.913733187257545 -174.69893937533314 4.71040685046475 64.22656576751538 4.623948103461631 -41.18182219558278 4.253814076375757 -334.89591789553793 5.190751410538914 -275.1124433660676 5.04245346586887 38.20708750014613 4.674436337350668 36.83665148159219 4.66468601361754 84.04053938991086 6.335852023807278 18.73775149457747 4.283368182488262 9.881159264014657 4.35491692322317 -24.74953853874163 4.299686646200271 23.296368270473675 5.50901786663665 -177.85771854762615 4.712147152340054 -384.66199147158096 5.36239510190194 -100.0937449907797 4.45565713292074 218.8872089056301 4.840224249878505 -102.65898332483262 4.44592008352528 230.97946525356895 5.187812291836136 -180.08831782994517 4.696542890147242 357.02852054698633 5.26828063063854 -28.693563016164013 4.598791394209555 376.44354663493937 5.320724470268803 218.27842250669988 4.8109840738030005 139.36053953936695 6.443461007198682 16.007268369427 4.374142492143215 25.83974997354021 4.406218692141183 -69.19280886101085 5.138442451668989 178.632351736877 4.9989696571175 162.61112219751 6.0102975068790325
../data/NGC1866_images/coj2m002-fs01-20160110-0135-e90_aligned.sub_new.fits 57397.59748600695 -13.573981425440936 4.8097104312564 -66.00418745573374 5.775150481639776 15.269830576058077 4.365410519710926 4.467539287976903 4.475739437593801 -5.130478018568124 4.430388491092131 113.3035295244302 4.710655778974318 19.23777587410284 4.224939548254804 135.1165143662088 5.1499266055864545 -43.533619781142086 4.240769332386552 -41.788298303106174 4.525297719305627 218.59716910299932 4.833304348823097 47.45967425472122 4.568275943276428 605.8852231237399 5.992771023811749 nan nan 48.15153960103256 4.365841385836138 -299.57086342368854 5.850285795003095 26.582715202338587 4.29918162625333 95.17084436290286 4.422687032685265 77.2778631842537 4.774820654274566 45.89173112671897 4.447653002658797 -105.46589311004149 4.521869673222676 -230.62093410380263 4.901502294068422 -95.32057375099508 4.8162770799546255 -33.067908932641174 4.264666463292079 -271.580284679641 5.242364015263194 -26.959179589577747 5.0083677249039535 39.49483698691995 4.581767160248679 -98.18880795026196 4.850313308290583 151.29650253123071 5.6592136312056125 -1.0428192122873283 4.4300189712401306 -236.3311082938399 4.875176530106424 -47.068321492179216 4.3269313055587215 -62.30097081380157 4.893721264970924 -337.5093174221694 5.210077479427745 141.42652860795607 4.91710399180991 -383.8460971967992 5.346778622773508 3.7136753748027376 4.264418264301151 139.70254653176738 4.558383218060651 -282.0166537134656 5.215256139347966 30.224488765444672 4.303437140359162 31.066003733538157 4.343174853143605 8.535340902258277 4.488735883664488 92.30405139347599 4.415513199581574 -70.78491612747447 4.301381417055565 -7.9273815563575205 4.830040382484239 31.396350147664087 4.350304171409457 5.032917613322946 4.375703957689462 -60.625919159470236 4.760353733388372 114.38868349738246 4.6299489446674 82.10915442525493 4.665910233270763
../data/NGC1866_images/coj2m002-fs01-20160111-0082-e90_aligned.sub_new.fits 57398.57063334491 22.93516224994155 5.053118911100942 22.185132449673656 4.915332507850462 -30.637468910497024 4.428825818916859 6.9972898674184885 4.401820172526317 -80.35575416653347 4.469668114187474 -128.10197944414304 4.539085149872861 -140.84954295600582 4.587013677525257 166.62959642604125 6.1477689272978875 18.144800920677586 4.2981653373734625 -25.662237519248517 4.9417865720540455 -93.82228179354564 4.429717244470657 48.95113576589883 4.947080776905642 90.16234669598295 4.540081923295219 nan nan -88.22301487201176 4.396682960022253 -276.82584359322306 6.114857255554144 -219.68312181796148 4.851641879312265 -81.54003219088393 4.386754742311896 72.82728991222929 5.340216921578046 -153.60296372485737 4.863901252866951 102.50921026347888 4.646838302398024 89.39207296007243 4.524186984559775 218.33757049929326 5.498819970906811 -33.77860687942435 4.287514435616846 64.5449065777069 4.680751339849781 -6.718303921348882 4.525129323182323 40.096913519687966 4.823683713045777 2.0010539102743925 4.962167860720803 215.5891264337128 6.950464992290988 -8.103992421855432 4.5438953304359275 360.6495105602116 5.275822899509324 -21.347095405550665 4.371655614906703 -53.40547837562966 6.013154966230164 177.7132891861034 4.840514769467588 -110.47446922447367 4.6953511812902295 175.78842355705345 4.680968595497603 -113.75680968006806 4.601968793334257 -111.46019052900868 4.472400448089678 184.46020948382974 6.943591223195347 18.30492831281589 4.427742103863576 -236.3100633477731 4.908460435418022 -52.89530804253834 4.743022440065994 -33.67972664386026 4.41204422120924 -167.55772685973852 4.633680816140108 113.0340883652931 6.490922119345522 18.517428789452214 4.463370718221276 5.860499639871209 4.485055495262935 -13.061836356922734 4.655162578241942 88.6178173906284 4.880194777787369 137.0286789758667 6.289307216914135
../data/NGC1866_images/coj2m002-fs01-20160113-0084-e90_aligned.sub_new.fits 57400.49513234954 -35.187733887712355 4.808041004686457 -19.94639423011053 4.628279110745231 -1.0946876995568482 4.288875444767732 16.182209222737683 4.280831396673791 -10.128311537830127 4.226279910859989 241.6403796113258 4.887718872791274 84.5895023329519 4.3926811130288455 125.05207745926151 5.213894432445295 310.09374769992587 5.103284153164379 -54.43494101992148 4.433437971338963 215.60757993211385 4.786060277526702 43.646157792139334 4.90874050222105 939.3203211760034 6.8569441319217725 3.650495276790196 4.229920043359301 93.07056436769834 4.393680039899853 -186.7639350550663 5.539801001308604 70.64244622703956 4.35082273411575 -77.38733863797489 4.338931040290813 102.57240032588666 4.725934347377159 76.77656152656782 4.467331474178494 3.402673941434388 4.287045141589206 -190.17799026920886 4.7417054998529835 -20.610085842736115 4.611692045538573 -82.28484715036184 4.371871339665986 -264.4726234996469 5.228266593513256 -9.569723692757975 4.878152019534219 57.81350801067223 4.607805168730563 9.916686290833859 4.581220841928515 239.6191253562234 5.756190522756498 19.99737037291798 4.655507504704048 -122.00814500191753 4.503282380536278 -15.610073933009149 4.409781235666027 60.6596016089787 5.79198726679339 -238.21981576472336 4.920768930081355 309.9853107187804 5.296371104617655 -388.4822934916165 5.355758807624342 98.51955146419317 4.441746196940552 -94.3263094853376 4.417340680900879 448.0834553200313 5.618570797938845 -129.09842662500597 4.487760276216391 169.00501390065904 4.642773013005189 -70.91173446812704 4.560518213769116 143.67034971525214 4.6036325996493135 -37.24362814672131 4.395425836680943 -203.5642340562355 6.083527167046059 -6.559790366171652 4.49246195883662 -2.688868655019172 4.33051336357858 -99.20842617600721 4.582919230546401 179.4146859318179 4.858735993481951 69.08109538163849 4.5089699643032555
../data/NGC1866_images/coj2m002-fs01-20160117-0092-e90_aligned.sub_new.fits 57404.47647179398 149.72787143203172 4.917166537713819 22.984123180384294 4.7034606349561034 -0.6947953424752442 4.700651778985844 -6.99624948122622 4.374259195104997 55.23348003609569 4.403144838537514 8.006928260941198 4.230708096281461 -76.82673548951635 4.352503390977962 185.04691874259333 5.7693272123929376 -132.14011339515278 4.500276297371863 -10.492849586510134 4.468931595130317 -85.28003823883245 4.463163741200527 68.65684348284451 4.767960940987434 628.6690446863191 6.055024562552221 14.587804900781434 4.2320423315505105 -52.15835020199572 4.322297690922275 15.277096678924957 5.5948060984883154 -153.07953789431502 4.587493981782621 -68.19534961192814 4.326257617492199 158.213750116501 5.151270813240128 -68.52195224553945 4.60448142518419 -134.03060044483948 4.534664851091761 -104.97693815494982 4.420826954908554 111.91802295663533 4.991529804881031 -9.183783641167686 4.213969204620251 98.60960007536656 4.592925301356662 -16.101775619946597 4.510038046590905 111.43740870533583 4.715314362249101 -13.444575080349356 4.631688310536779 757.8951583823306 6.8721402768201205 19.868207031690197 4.601668009459404 391.48232467280184 5.373714946374417 11.345360277703744 4.286618965157814 342.20288694817543 5.729220294538332 108.87057023851452 4.476155229566624 64.0118363174564 4.459320615323431 20.401366835874455 4.267105125512828 26.312272474093717 4.465093069946614 -84.1035828094598 4.427469633291912 647.1856981800462 6.836410075440067 81.27237802309192 4.36120271197405 94.26067585461409 4.3800187303148865 36.7110917269323 4.552071280113604 -17.717094574120505 4.31645055255131 -152.9680613724958 4.570635682477278 180.5947770418419 6.272899624201112 37.41554295749271 4.347110324712229 47.93335146067683 4.333212091015436 -8.21199242342895 4.399633657621895 nan nan 148.4138427367539 5.069177974676262
../data/NGC1866_images/coj2m002-fs01-20160117-0099-e90_aligned.sub_new.fits 57404.54176144676 -117.89618434292758 4.876175316910289 -6.24763533942907 4.4840747256917215 -34.46981635241655 4.497639678781984 14.864905031337953 4.361170950674803 21.090527396830243 4.374062560821802 4.206303311923665 4.396420996946607 -79.57318302137324 4.341405973183588 117.05015375983265 5.24684000189307 -138.51202343525327 4.551589480177937 -31.48322237071043 4.4592921427082075 -94.51238030604581 4.430311999974415 17.406829663201822 4.55955464550164 547.6114801494342 5.827745025363132 -49.591498928384844 4.358289590854967 -108.13464521815845 4.457871485345392 -31.579528538197575 5.540600388935047 -155.482027319632 4.641805040435915 -82.89272252382531 4.3835738002671905 83.27556964308322 4.7968414589081965 -108.892262844001 4.618172174294159 -71.88406358625917 4.407906127845644 -72.5727557823373 4.479604389687352 100.41470525944625 4.639973189423644 -7.8133901579529725 4.233308361530887 105.46139028772265 4.683425451740803 -49.07857174611302 4.647454084765101 63.39839739410229 4.437588406764527 9.241859746709993 4.82073861554664 619.653632564745 6.3682716909059325 -3.1229909427655262 4.46914854973093 418.2116141190887 5.445762061840912 9.276078874420033 4.33078185585654 246.39091931440785 5.2548984827289775 8.60238709472582 4.3983000471499745 31.56123730518423 4.541162849648507 -21.008781367520346 4.28371907484328 3.9587290862414215 4.313310162878198 -78.07498522741926 4.368388567606372 363.56177982921105 5.728110839261201 78.94658135070158 4.333241828714674 60.21719875104391 4.3005254994321565 -0.31089186024456655 4.636926096577872 -18.02058155010369 4.2630424854279845 -118.6524226824955 4.474694313702551 -7.022941655636604 4.867010703792598 53.133395313947396 4.423466838442122 49.55466715708461 4.464662075879147 2.65934481375237 4.76626011671023 192.44797529228993 4.776474868557212 170.43958670004625 5.835461092235707
../data/NGC1866_images/coj2m002-fs01-20160118-0060-e90_aligned.sub_new.fits 57405.54623219907 -144.61661393666446 5.0808010980034375 -12.728426948834107 4.42686360186301 -4.851377410056994 4.263805360075102 23.99557726888086 4.286819971685844 -133.01651052501722 4.516308331184606 148.55305587584277 4.579799485548179 365.0685977898673 5.290717637570437 103.38456402133353 5.622486784317114 13.532795198926118 4.188615014381784 -28.53415584258799 4.5830372140998135 -330.5976306373101 5.18622983115019 63.73994789326386 4.632376291501231 111.014455610427 4.545512274134697 -7.305852245524059 4.280925842141293 397.3535936986353 5.398823771178062 2.7155434352714716 5.143719808690806 27.349165643981436 4.279471603661497 111.92704183551061 4.479400560307184 97.09487606784644 5.148679289167853 -146.691306317579 4.803609066596394 247.36691624334415 5.018858119854623 26.815562659451466 4.412130141176843 83.65429050188173 5.006769380989978 -2.001559474170525 4.196673424306615 -166.54080084931633 4.649593372771164 -141.89662414445257 4.578340411003253 43.30116213928147 4.9418393852859115 -47.22471720656928 4.806885158590919 767.737160250105 7.293617882162649 7.835589957421473 4.346778358445682 70.87459066404398 4.5352746403815365 -2.2830215672664003 4.393119642368133 264.09007192231536 5.617870561277093 -223.4886560319536 4.869696767003067 -225.92686319704382 4.981353864285301 -311.4575108912199 5.128073814199072 -112.88792471023807 4.4754724165491035 158.48610431887818 4.620538274841925 274.19997596048205 5.399694551168554 -63.65398710086891 4.396419471732142 -203.017059805058 4.757212756538497 12.329688054119881 4.399204160642607 424.43140837631296 5.467288467428167 166.83763322287544 4.6435902297609 -90.1252300603247 5.953358032839085 30.588625923536252 4.318403532990912 51.90728476024966 4.423506892493582 -69.67420439386287 4.730168257547084 221.26413635742117 5.0156049132101765 50.909405239036644 4.681964581036041
