data/NGC1866_data_tables/variable_star_parameter_table.ecsv
# %ECSV 0.9
# ---
# datatype:
# - {name: x_v, datatype: float64}
# - {name: y_v, datatype: float64}
# - {name: t_id, datatype: int64}
# - {name: v_dist, unit: deg, datatype: float64}
# - {name: x_i, datatype: float64}
# - {name: y_i, datatype: float64}
# - {name: i_dist, unit: deg, datatype: float64}
# - {name: x_t, datatype: float64}
# - {name: y_t, datatype: float64}
# - {name: id, datatype: int64}
# - {name: period_v, datatype: float64}
# - {name: score_v, datatype: float64}
# - {name: period_i, datatype: float64}
# - {name: score_i, datatype: float64}
# - {name: period_best, datatype: float64}
# - {name: score_best, datatype: float64}
# schema: astropy-2.0
x_v y_v t_id v_dist x_i y_i i_dist x_t y_t id period_v score_v period_i score_i period_best score_best
1986.6994706503272 11.152954686606513 2 0.0004278933631022589 1985.6559911289996 11.073987138019834 0.0004598463199323223 1988.474299709698 6.359598319211408 1 1.7283870967741937 -4.627138115402118 1.4639344262295082 -3.5498264792060525 1.7283870967741937 -4.627138115402118
74.56047701407032 168.92375557427164 46 6.982403225467009e-05 74.54712083107668 168.01062385408298 3.100609547956948e-05 74.88782459652745 168.15662318603742 2 0.5551181102362205 -4.707721094323239 1.2577464788732393 -3.4973764128481917 0.5551181102362205 -4.707721094323239
1841.5295567820388 297.9900980067216 88 1.841301121411626e-05 1841.2422328013101 299.0025822534251 7.469148081326432e-05 1841.6160518706774 298.19249055423774 3 0.5836601307189543 -2.77994081533462 0.5449552481692432 -3.6338693268138496 0.5449552481692432 -3.6338693268138496
1046.7282707054287 342.7908715932275 101 1.844016337707539e-05 1046.597287586729 343.2269882518801 3.74744399107091e-05 1046.507913279182 342.78812419131907 4 1.1627604166666665 -3.578302816410292 0.6582309582309582 -4.088304316299329 0.6582309582309582 -4.088304316299329
966.0289983819378 387.35990736731895 110 1.4010633097999362e-05 966.2253939580195 386.1992328883241 0.00010898697474758919 965.8935766898476 387.4582292786057 5 2.038812785388128 -6.926389863284978 2.038812785388128 -6.771429181083939 2.038812785388128 -6.926389863284978
173.85442703798793 438.2017229525348 122 1.3481459783060398e-05 173.2899306896175 438.17444331118935 4.600020002052891e-05 173.82372255544783 438.0435544687341 6 3.2045454545454546 -5.0092684565705605 0.7597844583096994 -4.731922332282445 3.2045454545454546 -5.0092684565705605
1334.7700185481513 523.6909357594617 152 2.5516150561774807e-05 1334.0100062763165 523.9824348371003 4.325641657780692e-05 1334.5091980434788 523.8486397894245 7 3.1443661971830985 -7.029983990406974 3.1370023419203745 -5.876855345774071 3.1443661971830985 -7.029983990406974
1215.011983688016 545.8138552195411 158 4.479867677292916e-05 1213.4473788931396 545.564611341201 0.0001021752413415245 1214.6586310663606 545.4113619382455 8 51.51923076923077 -5.710232706459219 41.859375 -5.303997550894627 51.51923076923077 -5.710232706459219
1271.979683036685 667.3597756463155 216 1.1510711364573379e-05 1271.6562979940486 667.5509758369387 4.2699497436447426e-05 1272.1116854189968 667.3212027608911 9 2.6420118343195265 -7.489203996005154 2.6420118343195265 -7.142103461612421 2.6420118343195265 -7.489203996005154
1391.4872349318193 714.9772706727297 238 9.390742575012561e-06 1391.8560044478334 715.3589719054105 3.5638808564921885e-05 1391.534887150867 715.0789097477749 10 1.498322147651007 -3.0274134150882697 0.7421052631578947 -3.5649046462362084 0.7421052631578947 -3.5649046462362084
754.1100433121402 730.4730334363935 242 3.442029500348522e-05 754.0778568783677 730.2175877821616 1.319373649944788e-05 754.0158350017906 730.0725835383481 11 2.9634955752212386 -6.929904578959721 2.956953642384106 -7.71800516038051 2.956953642384106 -7.71800516038051
1601.4846595460351 785.3464966852935 278 0.00017225375035715364 1603.1431304081796 783.4369767035528 3.967793122131692e-05 1602.8030270803101 783.7670140173747 12 0.5813802083333333 -3.319848863052186 0.9798829553767373 -3.6227829674732215 0.9798829553767373 -3.6227829674732215
594.731932032536 828.8242154017486 311 1.8297292049180627e-05 594.5511015307604 828.7129821422842 1.5345812376351027e-05 594.7011675910896 828.6077248247179 13 1.405561385099685 -5.236912826050981 3.443444730077121 -5.412104962432396 3.443444730077121 -5.412104962432396
2024.3990746028016 843.9126777405307 330 6.394533248056847e-05 2025.0883665810709 844.0077511840358 7.807265591849928e-05 2024.4377978736914 844.6758194249894 14 0.965057636887608 -4.208923857118736 1.1959821428571429 -3.6253957652538884 0.965057636887608 -4.208923857118736
785.9017724178794 849.0790463855404 334 5.616470009099596e-05 786.4851725206252 849.2179975362881 6.077369772531477e-06 786.5517774750203 849.2470187621457 15 3.1006944444444446 -6.0955400894801715 3.1006944444444446 -5.850108884716683 3.1006944444444446 -6.0955400894801715
934.6013142639263 868.0278566443413 368 8.034455748700233e-06 934.9927443787266 867.8961610862142 3.6228041573175206e-05 934.5620845902494 867.940192847298 16 0.5033821871476888 -4.300137662748494 3.0033632286995515 -3.5553761351638418 0.5033821871476888 -4.300137662748494
951.8959042504528 874.8508981727448 383 2.5765705289862284e-05 952.1185638414715 874.428995922564 5.30161854914599e-05 951.5950069963212 874.7852399832925 17 3.0374149659863945 -6.9730771579457524 3.0374149659863945 -5.70896785332691 3.0374149659863945 -6.9730771579457524
925.7760579423748 896.887435849775 421 2.6729291146598825e-05 924.8466029956636 897.1290346384906 7.175197424044473e-05 925.5591459708164 896.6527640264943 18 1.944121915820029 -6.248569577136712 1.944121915820029 -6.167724669537697 1.944121915820029 -6.248569577136712
1041.6692197487732 932.1936258393599 487 6.015419680931898e-05 1042.1912324075713 932.8684035437014 3.5814450591607035e-05 1041.7649279312166 932.9061054569971 19 1.0359628770301623 -3.8618659076656283 0.7201612903225806 -3.4092660324060353 1.0359628770301623 -3.8618659076656283
1036.0123011106928 947.0334221106508 515 6.904809460866614e-05 1035.9058557783364 946.436325891653 5.909810689752223e-05 1035.2539686272664 946.7074002548763 20 3.0652173913043477 -5.740498677746098 2.038812785388128 -3.50469983740291 3.0652173913043477 -5.740498677746098
962.58124629218 950.5584277842903 522 0.00013504425800760106 962.4275646774641 950.3413521326215 0.00011873307824831025 961.0235105144775 950.1350346353278 21 3.044318181818182 -6.0987536179584945 3.044318181818182 -6.199078862015386 3.044318181818182 -6.199078862015386
1014.5396235900563 961.1974373285226 550 3.065106905812467e-05 1014.8196268568691 961.3125351818624 2.3863964280657383e-05 1014.8658556633179 961.0312001958495 22 3.291154791154791 -6.447643389404357 1.4387755102040816 -4.518202223897264 3.291154791154791 -6.447643389404357
986.8835426925175 969.7656666446071 560 0.0004371340613245099 988.043600775086 964.6941145201672 3.247604975549761e-05 987.6664709343404 964.6020945117741 23 3.0652173913043477 -5.763588830818927 3.0512528473804097 -4.983744540778165 3.0652173913043477 -5.763588830818927
1324.458495344076 965.3582467311204 563 2.9203154604816828e-05 1325.1838657141604 965.9103544718337 4.7152250744640293e-05 1324.7213798963203 965.5880162255894 24 0.9426460239268121 -3.808569939212946 0.5114547537227949 -4.216271752502406 0.5114547537227949 -4.216271752502406
999.9508639410836 967.5853568589813 568 0.00022814945141911335 1000.215231860931 968.0690357413897 0.00018564487303745575 1000.3408048335923 970.2838798894521 25 3.1817102137767224 -5.51316905756584 1.4623362445414847 -4.443081982511953 3.1817102137767224 -5.51316905756584
1006.0495155239141 969.3512289311475 572 0.0001096975198004726 1005.7659785275541 969.494298704485 8.36815668027061e-05 1004.792298170086 969.7214477596094 26 2.8930885529157666 -4.585780801422439 1.5187074829931972 -4.095828842218039 2.8930885529157666 -4.585780801422439
910.535225241549 976.9974122725611 595 9.232052327769758e-05 911.3987155668422 977.2929894315904 1.7418730875674142e-05 911.6052592326373 977.2672636821037 27 0.8953877005347594 -4.111787829849585 0.6467889908256881 -3.778132973770809 0.8953877005347594 -4.111787829849585
964.7763404946459 979.10047897868 603 0.00022724653898447894 961.8256759476213 980.2102860548633 4.521159659934261e-05 962.353726576571 980.3252200916857 28 0.735989010989011 -3.76422802170092 0.7221024258760108 -4.310911805411805 0.7221024258760108 -4.310911805411805
955.3260071806947 986.4751399845956 616 2.7278520611767352e-05 955.6666793768296 986.3018296373604 9.913372561817974e-06 955.5605818442001 986.249019300649 29 1.0109433962264152 -5.3930306358147995 1.0117069486404833 -5.4896665605590576 1.0117069486404833 -5.4896665605590576
1772.0346746630291 988.1872868001253 624 7.207351331758619e-05 1772.621021780903 988.3321181138334 4.617766357794488e-05 1772.8105623600077 987.8140912912972 30 23.919642857142858 -3.5456733259163986 9.237931034482758 -3.8702247278597066 9.237931034482758 -3.8702247278597066
940.4331804928394 993.6307663659783 639 4.1150410594197454e-05 940.1400200818996 993.8546722381366 7.193335527447571e-05 940.7897250140824 993.2924604176078 31 3.0582191780821915 -7.40946378191404 3.0512528473804097 -5.427944999297223 3.0582191780821915 -7.40946378191404
917.6423091546748 1009.9878739121006 680 7.668100626416896e-05 918.7385950726855 1009.5511111720067 4.798953087606523e-05 918.5527017116085 1010.0933992997022 32 1.5343642611683848 -3.741897180326983 1.4639344262295082 -4.817379385703195 1.4639344262295082 -4.817379385703195
830.3273650429599 1016.5440170070976 703 2.885024641054499e-05 830.4185439331634 1016.7239298478761 4.068025936705102e-05 829.9849068912202 1016.5037492530147 33 0.9699493120926865 -3.933009973904295 1.0264367816091955 -4.512335509011144 1.0264367816091955 -4.512335509011144
960.8947346936942 1019.5937610892265 709 0.00010137743991746113 960.6163461824635 1019.9136227785541 0.00013678132436812995 961.607523162175 1018.6149326415621 34 0.7400552486187845 -5.221984632436257 2.8621794871794872 -5.0278385950117475 0.7400552486187845 -5.221984632436257
1006.1986453773603 1023.2518178506784 716 4.432647869415508e-05 1005.8296941332632 1023.3112345862322 5.217698743775935e-05 1006.0725843050177 1022.7372520016626 35 3.227710843373494 -7.150279286253447 6.471014492753623 -7.005663778022891 3.227710843373494 -7.150279286253447
848.8049474176585 1038.077673074914 748 2.9081229827588063e-06 849.0014568290511 1037.9162589099753 1.9126625120322442e-05 848.811780278125 1038.043608698996 36 2.7281059063136457 -6.994290608021878 1.5740305522914217 -5.678084114676382 2.7281059063136457 -6.994290608021878
914.9095854673731 1061.4372877203614 812 4.505959192000382e-05 915.5453445816585 1061.1434463269368 5.306087263719853e-05 914.959106289323 1060.9011988931852 37 3.452319587628866 -7.360062608827555 3.452319587628866 -6.457746242993936 3.452319587628866 -7.360062608827555
904.3290317492851 1094.965662354993 872 1.6561078699031646e-05 904.6663561832161 1095.2782590764107 2.2081315979960016e-05 904.4585878101693 1095.1153876906985 38 0.6664179104477612 -6.442274337137753 4.0225225225225225 -6.024050063299222 0.6664179104477612 -6.442274337137753
1634.6915037964054 1105.0740997067385 891 0.00029032468180244274 1642.0324783946628 1107.5973284935164 0.00036227810184969155 1637.828165233939 1106.5599496686987 39 2.62133072407045 -3.6778931032428166 1.2757142857142858 -4.091350178588221 1.2757142857142858 -4.091350178588221
1010.8882208181985 1112.731459576664 900 1.127299464967525e-05 1010.6977825285488 1112.7310969137523 5.3013074602194145e-06 1010.7559117285506 1112.705963250175 40 0.7671821305841924 -4.8755390953805104 3.3155940594059405 -6.228043786324923 3.3155940594059405 -6.228043786324923
1238.2038798668525 1146.2787941320523 939 3.238529813470549e-05 1237.7565878756468 1145.8686500043991 2.1825519320500386e-05 1238.005688712368 1145.9462167290642 41 3.525 -6.54460747326304 3.525 -6.641083322234255 3.525 -6.641083322234255
1548.8513311778702 1199.0817819083627 982 3.7698125238178454e-05 1548.8488467680008 1199.8377098351616 5.135352580564128e-05 1549.2161301818733 1199.3464643302268 42 2.85 -4.018225458814475 0.8859126984126985 -3.762529447928152 2.85 -4.018225458814475
1155.795306537801 1374.6683442284857 1083 1.777654571560748e-05 1155.365642462935 1374.8201485559173 2.0377624372659252e-05 1155.5969237351808 1374.7441369013318 43 3.0864055299539173 -7.672946738780515 3.0864055299539173 -6.217475730705713 3.0864055299539173 -7.672946738780515
1357.6078429575066 1568.528105159527 1182 2.3823574988313603e-05 1357.9829223938139 1569.0317388014298 3.694349906381563e-05 1357.5994273499246 1568.812641353814 44 2.943956043956044 -6.819282887580477 2.950440528634361 -5.681958483280173 2.943956043956044 -6.819282887580477
1805.3192872470313 1573.7536680826986 1186 1.5942247969599014e-05 1805.3327491743169 1573.5524575920429 1.8598368143157093e-05 1805.501283908072 1573.6975051072507 45 0.8709362808842653 -3.6026561657863283 1.1698689956331878 -3.9073206955398736 1.1698689956331878 -3.9073206955398736
1444.1738024912136 1656.780971352622 1219 2.6019165577292104e-05 1443.9101899112777 1657.1610964516558 1.282487308628599e-05 1444.0107330774906 1657.0455322993623 46 1.2277726856095326 -3.576245254228085 1.1547413793103447 -3.7886331387263423 1.1547413793103447 -3.7886331387263423
815.9303552778558 1657.971732409373 1220 5.978135473452836e-05 815.6285984701581 1658.7961774573346 1.577698878466457e-05 815.6077838775011 1658.6087894796513 47 2.333623693379791 -3.3359291824515274 1.086374695863747 -3.87905973686368 1.086374695863747 -3.87905973686368
1752.5569113226256 1677.5274583552725 1226 4.6852785962999996e-05 1752.1670711742645 1676.3879470838137 0.00010126888129274209 1753.0333378113683 1677.2338047261385 48 2.6162109375 -3.22752843800317 0.6537335285505124 -3.4436067852164554 0.6537335285505124 -3.4436067852164554
11.037858155514689 1854.7040259390656 1301 4.53138228591987e-05 10.981632411222735 1854.46821533914 4.2825290165540864e-05 10.499975743724171 1854.6407479037787 49 1.194915254237288 -5.103780396469007 0.6256422232601588 -6.550630842353323 0.6256422232601588 -6.550630842353323
1966.872921006733 1916.735746901053 1327 4.9368616141271974e-05 1967.3111165730743 1916.0355449740573 2.0859057012334447e-05 1967.2401619152695 1916.2744114196773 50 0.7441666666666666 -3.2112532204441693 0.5311260904044409 -4.061491909355186 0.5311260904044409 -4.061491909355186
