data/NGC1866_data_tables/Vband_variable_lightcurve_table.ecsv
# %ECSV 0.9
# ---
# datatype:
# - {name: filename, datatype: string}
# - {name: date_obs, datatype: float64}
# - {name: mag_1, datatype: float64}
# - {name: mag_err_1, datatype: float64}
# - {name: mag_2, datatype: float64}
# - {name: mag_err_2, datatype: float64}
# - {name: mag_3, datatype: float64}
# - {name: mag_err_3, datatype: float64}
# - {name: mag_4, datatype: float64}
# - {name: mag_err_4, datatype: float64}
# - {name: mag_5, datatype: float64}
# - {name: mag_err_5, datatype: float64}
# - {name: mag_6, datatype: float64}
# - {name: mag_err_6, datatype: float64}
# - {name: mag_7, datatype: float64}
# - {name: mag_err_7, datatype: float64}
# - {name: mag_8, datatype: float64}
# - {name: mag_err_8, datatype: float64}
# - {name: mag_9, datatype: float64}
# - {name: mag_err_9, datatype: float64}
# - {name: mag_10, datatype: float64}
# - {name: mag_err_10, datatype: float64}
# - {name: mag_11, datatype: float64}
# - {name: mag_err_11, datatype: float64}
# - {name: mag_12, datatype: float64}
# - {name: mag_err_12, datatype: float64}
# - {name: mag_13, datatype: float64}
# - {name: mag_err_13, datatype: float64}
# - {name: mag_14, datatype: float64}
# - {name: mag_err_14, datatype: float64}
# - {name: mag_15, datatype: float64}
# - {name: mag_err_15, datatype: float64}
# - {name: mag_16, datatype: float64}
# - {name: mag_err_16, datatype: float64}
# - {name: mag_17, datatype: float64}
# - {name: mag_err_17, datatype: float64}
# - {name: mag_18, datatype: float64}
# - {name: mag_err_18, datatype: float64}
# - {name: mag_19, datatype: float64}
# - {name: mag_err_19, datatype: float64}
# - {name: mag_20, datatype: float64}
# - {name: mag_err_20, datatype: float64}
# - {name: mag_21, datatype: float64}
# - {name: mag_err_21, datatype: float64}
# - {name: mag_22, datatype: float64}
# - {name: mag_err_22, datatype: float64}
# - {name: mag_23, datatype: float64}
# - {name: mag_err_23, datatype: float64}
# - {name: mag_24, datatype: float64}
# - {name: mag_err_24, datatype: float64}
# - {name: mag_25, datatype: float64}
# - {name: mag_err_25, datatype: float64}
# - {name: mag_26, datatype: float64}
# - {name: mag_err_26, datatype: float64}
# - {name: mag_27, datatype: float64}
# - {name: mag_err_27, datatype: float64}
# - {name: mag_28, datatype: float64}
# - {name: mag_err_28, datatype: float64}
# - {name: mag_29, datatype: float64}
# - {name: mag_err_29, datatype: float64}
# - {name: mag_30, datatype: float64}
# - {name: mag_err_30, datatype: float64}
# - {name: mag_31, datatype: float64}
# - {name: mag_err_31, datatype: float64}
# - {name: mag_32, datatype: float64}
# - {name: mag_err_32, datatype: float64}
# - {name: mag_33, datatype: float64}
# - {name: mag_err_33, datatype: float64}
# - {name: mag_34, datatype: float64}
# - {name: mag_err_34, datatype: float64}
# - {name: mag_35, datatype: float64}
# - {name: mag_err_35, datatype: float64}
# - {name: mag_36, datatype: float64}
# - {name: mag_err_36, datatype: float64}
# - {name: mag_37, datatype: float64}
# - {name: mag_err_37, datatype: float64}
# - {name: mag_38, datatype: float64}
# - {name: mag_err_38, datatype: float64}
# - {name: mag_39, datatype: float64}
# - {name: mag_err_39, datatype: float64}
# - {name: mag_40, datatype: float64}
# - {name: mag_err_40, datatype: float64}
# - {name: mag_41, datatype: float64}
[...]
# - {name: mag_42, datatype: float64}
# - {name: mag_err_42, datatype: float64}
# - {name: mag_43, datatype: float64}
# - {name: mag_err_43, datatype: float64}
# - {name: mag_44, datatype: float64}
# - {name: mag_err_44, datatype: float64}
# - {name: mag_45, datatype: float64}
# - {name: mag_err_45, datatype: float64}
# - {name: mag_46, datatype: float64}
# - {name: mag_err_46, datatype: float64}
# - {name: mag_47, datatype: float64}
# - {name: mag_err_47, datatype: float64}
# - {name: mag_48, datatype: float64}
# - {name: mag_err_48, datatype: float64}
# - {name: mag_49, datatype: float64}
# - {name: mag_err_49, datatype: float64}
# - {name: mag_50, datatype: float64}
# - {name: mag_err_50, datatype: float64}
# schema: astropy-2.0
filename date_obs mag_1 mag_err_1 mag_2 mag_err_2 mag_3 mag_err_3 mag_4 mag_err_4 mag_5 mag_err_5 mag_6 mag_err_6 mag_7 mag_err_7 mag_8 mag_err_8 mag_9 mag_err_9 mag_10 mag_err_10 mag_11 mag_err_11 mag_12 mag_err_12 mag_13 mag_err_13 mag_14 mag_err_14 mag_15 mag_err_15 mag_16 mag_err_16 mag_17 mag_err_17 mag_18 mag_err_18 mag_19 mag_err_19 mag_20 mag_err_20 mag_21 mag_err_21 mag_22 mag_err_22 mag_23 mag_err_23 mag_24 mag_err_24 mag_25 mag_err_25 mag_26 mag_err_26 mag_27 mag_err_27 mag_28 mag_err_28 mag_29 mag_err_29 mag_30 mag_err_30 mag_31 mag_err_31 mag_32 mag_err_32 mag_33 mag_err_33 mag_34 mag_err_34 mag_35 mag_err_35 mag_36 mag_err_36 mag_37 mag_err_37 mag_38 mag_err_38 mag_39 mag_err_39 mag_40 mag_err_40 mag_41 mag_err_41 mag_42 mag_err_42 mag_43 mag_err_43 mag_44 mag_err_44 mag_45 mag_err_45 mag_46 mag_err_46 mag_47 mag_err_47 mag_48 mag_err_48 mag_49 mag_err_49 mag_50 mag_err_50
[from data line 17]
../data/NGC1866_images/coj2m002-fs01-20160118-0059-e90_aligned.sub.fits 57405.54551395834 -104.30137957651556 4.91909354416472 0.9438600883629089 4.1471325621914055 -9.14984742227849 4.1902973157464265 9.502633693048377 4.22508732906537 -57.06736888686107 4.252385439171597 -36.90068682346366 4.170210167964054 160.65539446045656 4.589355812375595 -18.14160309077499 4.218637064973213 -9.774763254194802 4.110281986361527 -23.94771753914549 4.316879933803434 -169.9379340757179 4.62380436756416 -23.070281032857523 4.305010168153894 -257.6761686810763 4.929126504527224 35.07672278096206 4.189204479334483 193.5739691662762 4.707452827454264 -14.211547888199236 4.12556556143357 9.507298820390993 4.111038482435781 43.75585086710354 4.161959795843379 -11.111379561591082 4.154038499803637 -85.71421988677302 4.3257721910510565 165.33792361817962 4.612096629223004 92.30265717907098 4.362335621347752 61.629001808028335 4.321349576545009 13.013990173179327 4.216192323208454 40.35362690251289 4.258600455813764 22.521489617543708 4.155786025242162 -0.3658834300793948 4.140932866858536 12.119469327263952 4.1849007545554695 1.5463897154295452 4.148362139097127 4.15489585850849 4.129050488569949 80.3137117413887 4.296951010047221 7.525522828975927 4.109132140203025 40.06526224659968 4.235307835404589 -18.035833701399838 4.154923188499416 -162.01168781735663 4.603055669335824 -165.45986208100854 4.61161287220788 -55.798334333200344 4.216477644380581 99.47414869191967 4.367435895689525 361.85257236149863 5.6506149618535035 -3.996572329856884 4.10795630700649 -224.19838539199043 4.817064798194258 32.72889602682162 4.731001740804587 213.96754142134446 4.779114237092672 50.009683153420774 4.1779276779664505 -33.587656534901 4.236634058243569 -5.4935578664218845 4.123561054031071 -1.9394314673718211 4.140153015596 24.676712007785785 4.225187997370518 -7.892333416448091 4.093988218006487 2.3796723980492422 4.884538860370664
../data/NGC1866_images/coj2m002-fs01-20160119-0102-e90_aligned.sub.fits 57406.5324629051 152.66531242766098 4.826836145348438 -31.65539318338565 4.4071197576412295 -2.5590853811567107 4.2709745525279175 24.03561788625153 4.2063689696320585 10.214814048472986 4.22322178191585 20.709851953015292 4.198424057982913 -7.055878991178192 4.187032732053279 -13.000253800812922 4.225113331157896 -40.63023986264518 4.174410530134983 -2.582117904322381 4.3331715322361175 118.64759852167717 4.464509651576767 -1.9052469912937167 4.432989441035235 -382.8446323048766 5.335587490292734 nan nan -26.952226981893 4.164057802679151 -6.454910321250873 4.176468563560053 -15.960566626787312 4.157443487531033 -54.200506401190076 4.228082542682173 -20.08803939751072 4.375456805732087 5.248861253374269 4.309668743915131 -49.373108302018046 4.305367996197819 -45.36585946339041 4.210809560920898 -61.288780142388944 4.288080727293456 27.178155106664615 4.213242726908821 -56.58584522068693 4.38631731533013 -2.9269455940234717 4.336542203414447 -14.824027261147839 4.217771866648465 -46.64686919195286 4.387867275897624 -10.84189093388357 4.274773981748728 -3.3990358733197206 4.257157218434063 -51.219553305298454 4.216854931859732 -22.685160806861866 4.205502349888702 41.381767734764914 4.412822403158024 351.15118627960896 5.2724151847502 39.0946564594368 4.316162661014776 229.24587993759195 4.846336424862274 117.61568586130893 4.459126288571663 -36.59015651720569 4.18343043701883 167.00504554791954 6.180087855860496 -64.06564777259446 4.270020032114672 -208.28115609552415 4.759296123725235 -72.50027846878626 4.931087508480058 -4.1792727731438095 4.156933213489447 -112.24814602757988 4.412433412091716 -110.00447787775796 5.139848429854174 -10.969077624203871 4.198740267455925 13.246982147868374 4.228270076571396 -60.42304928235689 4.8393417545754165 -32.19513542331883 4.164103354420201 -127.74807959972613 5.604113066613871
../data/NGC1866_images/coj2m002-fs01-20160126-0091-e90_aligned.sub.fits 57413.42875697916 187.4477507969099 5.111465825176071 25.04339475860417 4.298535582853643 -4.106135145016817 4.248509676695054 15.83183800464635 4.209113708932853 -147.73507409653604 4.579284485284905 -75.84578871789186 4.337378915689767 -87.59319769244604 4.3985568492681235 -42.049909098914526 4.2990428425059015 -51.44181615561624 4.236335943850843 2.8264438327260306 4.282568086928302 -117.39898366331981 4.476664804037283 -0.9902026966098643 4.2657039860331505 -392.96410808021795 5.368270300584828 44.56141021119741 4.264757114893792 -74.9647893302394 4.352344061299883 -0.49924252213766906 4.16816268668617 -136.13121440596393 4.540500101854118 20.43683556321138 4.1962804895733505 12.478024685401953 4.271142276824226 -46.35722914493581 4.327061098346047 -46.240918656884425 4.288462615866851 -59.453904318009606 4.297428858578637 -0.9472899498757748 4.268010577830433 28.156075832630172 4.214197314741361 -65.4109669532219 4.383340831492431 -60.67380517425235 4.36838787776181 19.85286008657935 4.293193476911272 -19.419121400292287 4.298771257263417 64.66689289354204 4.34581642985246 26.914494507901356 4.230376345231989 256.6603844727755 4.951447600991765 13.354943605737185 4.216893121611042 38.337077527890784 4.238413589451006 47.59603006525145 4.284071045028807 261.5352152885326 5.011479139009036 -131.97350483104026 4.5550381127740085 129.33302544854928 4.521133818820906 103.51441155880659 4.4526433580690306 369.13431568581734 6.3728961296235305 -51.941121866934544 4.26076986785011 -271.1164888317106 4.9809757726473185 56.0217996419535 4.714140975374092 -65.84010170158741 4.294957957072304 -89.60331055321586 4.3605895013892795 -12.733384375135374 4.365030990918298 3.5682298072023384 4.173175084585781 9.954029436409185 4.295296037600127 -5.8894192588256935 4.323079499096009 nan nan 10.889314577924099 4.35567442962173
../data/NGC1866_images/coj2m002-fs01-20160126-0132-e90_aligned.sub.fits 57413.51068873842 410.09483115231103 5.713260380207974 4.629455231477364 4.5835686060789635 -6.353121226080758 4.288227994804122 19.905802995969093 4.161865919488083 -122.68530720559242 4.488711471170707 -138.94661645681833 4.5173070151930395 -86.4610888040504 4.383369569737765 -47.70874777056447 4.330363981992991 33.230080283873434 4.180702650186054 11.012963694557842 4.322126078010015 -97.77617736294042 4.3932967355199795 -4.583473368771904 4.340702061057444 -371.16564263064413 5.299075098405031 nan nan -78.29399768383858 4.338106452313875 13.708572542598166 4.169763891755478 -133.95228815463162 4.514344473714707 38.49052460555273 4.282353967442605 -11.942676208545281 4.2342251133211715 -54.35316006161902 4.3260211470015015 -34.877423612977076 4.28211731788176 -51.637265466436666 4.308717471009136 69.16483579528547 4.4093524513478055 20.561975095646282 4.183029263133329 -46.18163031875607 4.3568704229952795 -85.50445774040749 4.351099536883228 24.810762141252248 4.300619289705087 0.3060685377653345 4.354052841809598 82.64891966512171 4.36668441278581 15.126887828130032 4.2727514084873 310.5806669571719 5.1070047847759055 5.311666002337277 4.213995354045704 37.843122323583835 4.420456257448845 33.062660544143995 4.320493122417547 191.11888802784497 4.7536342576301305 -144.80561859713552 4.557867638601865 136.22178605331513 4.50514900656987 115.19553588665718 4.428567042839848 101.78487798391967 6.08801613029479 -53.263028907005605 4.241284971131232 -211.03692968731937 4.77523375601948 17.208531473904337 4.75987794210238 -59.95804558577313 4.243641381937336 -19.75720411060892 4.1665957097556445 -83.69295155538778 5.059973578492991 13.39384171383803 4.1770343846477065 31.845084832185464 4.288549194483545 -22.146844747609393 4.720628655896687 -47.066813249871984 4.180684093352871 -27.089845235757377 5.114853299837018
../data/NGC1866_images/coj2m002-fs01-20160130-0118-e90_aligned.sub.fits 57417.46823998843 -64.10619299146983 4.56440183527921 6.005997241960104 4.19970736145994 -6.466427782574659 4.158421337747396 3.296358577208762 4.111099533683203 -128.78369091183546 4.472298946787863 -193.07604100729117 4.705895606822983 -126.38254745638682 4.4659146926742075 -60.758535568636034 4.377001002822294 -115.06427427467365 4.423112677163057 1.2521599658130012 4.145603989557337 -179.1707007836263 4.656859262374242 10.590409292083221 4.26359985269491 57.528192813527546 4.249772303398521 14.09933778540376 4.17783349256294 42.50474335878109 4.1675948792231585 -20.544878626146417 4.142111115271825 -135.22696663362282 4.496381603370293 8.887313266574886 4.10585829407671 21.00097018626569 4.151675011050402 -85.21072416655606 4.3593687224167095 219.3727424607963 4.810228559675463 4.790109049946737 4.120339036956067 138.86597198306725 4.622897220816606 -19.15380455834797 4.119025791538372 257.14362056292816 4.959271332360471 249.34829236068603 4.914537477766211 -11.900292944693014 4.175408421091635 -33.93398220236238 4.219290937173395 65.30673750275767 4.313550488431915 14.492081901608763 4.170808410298656 127.38743747156524 4.47829162495714 3.1156761039846996 4.102583228123353 -4.368284523965528 4.178992248177528 -65.02766306896308 4.257978344936298 -15.779692627818106 4.174012985096655 205.30762571333028 4.754995948399084 59.73461411938142 4.2395537968734205 99.98520580545186 4.380381926104351 -9.11392228692945 5.240656926502974 34.889380874972694 4.162768274649713 87.47048977226954 4.323639993447988 -25.53937165916192 4.323022482598158 63.77873484166014 4.234218146487976 2.7588752586020338 4.050025516468994 -52.68017096367119 4.352071448122327 3.4235236742840915 4.076781264697025 -3.3703685125346627 4.099788121931205 -9.831590826561891 4.20055862962298 nan nan 4.9835463615550095 4.465975808180479
../data/NGC1866_images/coj2m002-fs01-20160131-0172-e90_aligned.sub.fits 57418.60284822917 278.16035112541607 5.131635503598478 -25.97050989374533 4.14911965125703 13.209630095365123 4.08995312062375 1.8790260483948447 4.0704071647116145 59.513160552958546 4.240717678813065 270.5891801480101 4.9725894921845395 94.0669740580109 4.343876984094956 -65.117996338196 4.2576456909739795 -125.74324556202193 4.461345673875205 -5.0037369696607366 4.130117840268094 26.66797488365592 4.135848682145839 15.354455282571738 4.124050241905433 -93.09896023274564 4.343691391626547 nan nan 25.798389893898893 4.100182490635426 -28.024764191614977 4.104451350975175 8.341825543428772 4.068553136729197 35.43038324836628 4.141641366819697 1.9862278428163986 4.113714402198949 73.81859059008644 4.293327255392116 -23.69697810943173 4.112957210909775 89.29557977189593 4.339832599707109 -13.332462538852674 4.1008871139019725 -11.077036215787121 4.0978653697326415 27.05615182705613 4.15292833249345 -13.15296319839544 4.117212150642437 9.83377009471801 4.093920225957906 -11.396102703092614 4.1712135858181325 110.99406967167283 4.406566734769283 16.37129862482933 4.116004752317328 -5.858823132063369 4.057421519857342 1.9907404181442878 4.054689411176057 -5.978673370264024 4.145869516281332 182.32379441995948 4.6772927604729615 -164.11557764692824 4.603508642287813 -127.08131646378173 4.4757327690739555 -61.83723069821449 4.224803020710668 -25.876036560856896 4.108332076005055 324.0426202686806 5.752853699164817 18.75519143584354 4.090158329339994 -94.85020309909308 4.3452361722959685 17.606223629737723 4.618585975721862 63.45448546160117 4.235533979159069 -115.54901592797196 4.425709318311243 -38.752716364528666 4.208775417277371 -3.6014743300791716 4.090315760837009 -0.33686257335933656 4.0831669947699405 -0.8320345374688823 4.215666822244408 -25.920765074391348 4.093136854506635 16.875085598442308 4.133736944755741
../data/NGC1866_images/coj2m002-fs01-20160202-0005-e90_aligned.sub.fits 57420.49680938658 -30.778983745958545 4.6532340372037275 7.39460897391557 4.284591571743876 -16.64237012048014 4.236160740608968 4.722312345252501 4.230230234478894 91.49707766986009 4.440442241715519 -175.06560383234086 4.669381931830999 -125.42053915191993 4.477231446557872 -72.80213022435619 4.353342650420038 -143.0444513538008 4.558088826520852 -22.95610639043134 4.305294559153255 -161.18964162280537 4.6119093958557835 -4.389114792892948 4.2429412891212674 -354.54358141398944 5.322362435492754 -17.80994331634074 4.248625538219589 17.147836901784057 4.224893868761057 -19.21223486134859 4.263840371024452 -120.75186033241744 4.467536724110298 16.823580989401563 4.21951727214777 20.159878979763604 4.31667482363388 -94.41245830707031 4.46390080824553 194.71367368838838 4.7515124179898445 -38.339578277249885 4.319494962989547 150.3481556852049 4.642628868048038 10.06912424328824 4.223705191608122 325.4080670715791 5.161325742520417 255.77493863913202 4.950903076485648 12.925812066626689 4.245328299226184 -4.261948342807584 4.316545895627988 97.41890718972658 4.479138801222021 15.883728341088634 4.224603541226085 121.86811648854409 4.480689862020366 -7.769648454916825 4.2724621331710715 -14.381818638026518 4.252948811683248 -15.751166428633548 4.25225077725725 24.535509616436368 4.305400345419236 49.147531389481976 4.279584626130443 104.08189149772191 4.428638037270881 -32.92670219132201 4.232695123642873 -16.794544721916658 4.496806136261018 -7.125180191398332 4.276407990712223 -207.7760679172456 4.7754072844539595 -30.67094369108014 4.3857081121705335 32.1444751199408 4.224687974893393 -10.391902856425542 4.180073185619905 -57.17390777989159 4.484174589017803 -16.959674989275626 4.206058650999023 6.106286184009476 4.206594602405388 12.214584521322527 4.324931480800784 -22.57686178899733 4.103987922867743 -17.92800085706946 4.424637518171974
../data/NGC1866_images/coj2m002-fs01-20160209-0095-e90_aligned.sub.fits 57427.4332975463 nan nan 19.965349460294586 4.207331387244012 -2.1509950634241344 4.1722376831730426 6.143660106901875 4.1142904529920346 -113.52026173948397 4.420790971295341 -215.39852735157945 4.784116137616173 111.47295447173241 4.4073875683773975 -31.070395378273226 4.175922917504172 -6.200083967240245 4.0632142919939485 -4.4081515538911695 4.126935638832293 33.71279920102251 4.138935000227765 -7.6359653656391275 4.098818604816697 -394.0514784303051 5.370480076600328 9.653149699000247 4.133604913856124 138.56888795949274 4.508614274754842 -59.3727790882429 4.221452988198505 49.62800474235561 4.192420269116329 -31.644484315011823 4.128751325124078 -18.746189857109087 4.145254355006294 56.10697635425185 4.233374156619998 20.56172371137541 4.1223718555252935 27.555291242109604 4.157791535704411 13.830275460205437 4.1553785855664565 13.093635314370976 4.063610562286712 64.98959497893726 4.346395644572783 11.686870027695301 4.241057014418867 3.769621855023027 4.0896183678041025 -16.729550304474188 4.1839999059617865 144.06083162208782 4.544690612132488 19.781516135030454 4.144067448355063 8.031552431575227 4.08452835739896 13.637676602392027 4.0781259454214505 -44.412938304469186 4.194959220149475 95.56104166763917 4.370892827717342 -58.00670395333148 4.256712346972379 -192.21754198261084 4.7045445181713355 112.15067761263147 4.414941977159387 112.57034031939169 4.418288717545907 -48.541038972353505 4.839451599890607 43.38772724164559 4.165246039192607 -259.74434650945386 4.936106898546798 -53.947611341281274 4.313139694372046 141.1214587289917 4.518284330097726 -104.62655732587591 4.38493176405091 -91.60700635630084 4.491948902655881 -6.121757111615365 4.071898925349456 -4.588677521758252 4.091602983058568 -14.04375808688801 4.281274262962466 nan nan -47.12997506255363 4.600296103910745
