data/NGC1866_data_tables/Vband_variable_lightcurve_table.ecsv
# %ECSV 0.9
# ---
# datatype:
# - {name: filename, datatype: string}
# - {name: date_obs, datatype: float64}
# - {name: mag_1, datatype: float64}
# - {name: mag_err_1, datatype: float64}
# - {name: mag_2, datatype: float64}
# - {name: mag_err_2, datatype: float64}
# - {name: mag_3, datatype: float64}
# - {name: mag_err_3, datatype: float64}
# - {name: mag_4, datatype: float64}
# - {name: mag_err_4, datatype: float64}
# - {name: mag_5, datatype: float64}
# - {name: mag_err_5, datatype: float64}
# - {name: mag_6, datatype: float64}
# - {name: mag_err_6, datatype: float64}
# - {name: mag_7, datatype: float64}
# - {name: mag_err_7, datatype: float64}
# - {name: mag_8, datatype: float64}
# - {name: mag_err_8, datatype: float64}
# - {name: mag_9, datatype: float64}
# - {name: mag_err_9, datatype: float64}
# - {name: mag_10, datatype: float64}
# - {name: mag_err_10, datatype: float64}
# - {name: mag_11, datatype: float64}
# - {name: mag_err_11, datatype: float64}
# - {name: mag_12, datatype: float64}
# - {name: mag_err_12, datatype: float64}
# - {name: mag_13, datatype: float64}
# - {name: mag_err_13, datatype: float64}
# - {name: mag_14, datatype: float64}
# - {name: mag_err_14, datatype: float64}
# - {name: mag_15, datatype: float64}
# - {name: mag_err_15, datatype: float64}
# - {name: mag_16, datatype: float64}
# - {name: mag_err_16, datatype: float64}
# - {name: mag_17, datatype: float64}
# - {name: mag_err_17, datatype: float64}
# - {name: mag_18, datatype: float64}
# - {name: mag_err_18, datatype: float64}
# - {name: mag_19, datatype: float64}
# - {name: mag_err_19, datatype: float64}
# - {name: mag_20, datatype: float64}
# - {name: mag_err_20, datatype: float64}
# - {name: mag_21, datatype: float64}
# - {name: mag_err_21, datatype: float64}
# - {name: mag_22, datatype: float64}
# - {name: mag_err_22, datatype: float64}
# - {name: mag_23, datatype: float64}
# - {name: mag_err_23, datatype: float64}
# - {name: mag_24, datatype: float64}
# - {name: mag_err_24, datatype: float64}
# - {name: mag_25, datatype: float64}
# - {name: mag_err_25, datatype: float64}
# - {name: mag_26, datatype: float64}
# - {name: mag_err_26, datatype: float64}
# - {name: mag_27, datatype: float64}
# - {name: mag_err_27, datatype: float64}
# - {name: mag_28, datatype: float64}
# - {name: mag_err_28, datatype: float64}
# - {name: mag_29, datatype: float64}
# - {name: mag_err_29, datatype: float64}
# - {name: mag_30, datatype: float64}
# - {name: mag_err_30, datatype: float64}
# - {name: mag_31, datatype: float64}
# - {name: mag_err_31, datatype: float64}
# - {name: mag_32, datatype: float64}
# - {name: mag_err_32, datatype: float64}
# - {name: mag_33, datatype: float64}
# - {name: mag_err_33, datatype: float64}
# - {name: mag_34, datatype: float64}
# - {name: mag_err_34, datatype: float64}
# - {name: mag_35, datatype: float64}
# - {name: mag_err_35, datatype: float64}
# - {name: mag_36, datatype: float64}
# - {name: mag_err_36, datatype: float64}
# - {name: mag_37, datatype: float64}
# - {name: mag_err_37, datatype: float64}
# - {name: mag_38, datatype: float64}
# - {name: mag_err_38, datatype: float64}
# - {name: mag_39, datatype: float64}
# - {name: mag_err_39, datatype: float64}
# - {name: mag_40, datatype: float64}
# - {name: mag_err_40, datatype: float64}
# - {name: mag_41, datatype: float64}
[...]
# - {name: mag_42, datatype: float64}
# - {name: mag_err_42, datatype: float64}
# - {name: mag_43, datatype: float64}
# - {name: mag_err_43, datatype: float64}
# - {name: mag_44, datatype: float64}
# - {name: mag_err_44, datatype: float64}
# - {name: mag_45, datatype: float64}
# - {name: mag_err_45, datatype: float64}
# - {name: mag_46, datatype: float64}
# - {name: mag_err_46, datatype: float64}
# - {name: mag_47, datatype: float64}
# - {name: mag_err_47, datatype: float64}
# - {name: mag_48, datatype: float64}
# - {name: mag_err_48, datatype: float64}
# - {name: mag_49, datatype: float64}
# - {name: mag_err_49, datatype: float64}
# - {name: mag_50, datatype: float64}
# - {name: mag_err_50, datatype: float64}
# schema: astropy-2.0
filename date_obs mag_1 mag_err_1 mag_2 mag_err_2 mag_3 mag_err_3 mag_4 mag_err_4 mag_5 mag_err_5 mag_6 mag_err_6 mag_7 mag_err_7 mag_8 mag_err_8 mag_9 mag_err_9 mag_10 mag_err_10 mag_11 mag_err_11 mag_12 mag_err_12 mag_13 mag_err_13 mag_14 mag_err_14 mag_15 mag_err_15 mag_16 mag_err_16 mag_17 mag_err_17 mag_18 mag_err_18 mag_19 mag_err_19 mag_20 mag_err_20 mag_21 mag_err_21 mag_22 mag_err_22 mag_23 mag_err_23 mag_24 mag_err_24 mag_25 mag_err_25 mag_26 mag_err_26 mag_27 mag_err_27 mag_28 mag_err_28 mag_29 mag_err_29 mag_30 mag_err_30 mag_31 mag_err_31 mag_32 mag_err_32 mag_33 mag_err_33 mag_34 mag_err_34 mag_35 mag_err_35 mag_36 mag_err_36 mag_37 mag_err_37 mag_38 mag_err_38 mag_39 mag_err_39 mag_40 mag_err_40 mag_41 mag_err_41 mag_42 mag_err_42 mag_43 mag_err_43 mag_44 mag_err_44 mag_45 mag_err_45 mag_46 mag_err_46 mag_47 mag_err_47 mag_48 mag_err_48 mag_49 mag_err_49 mag_50 mag_err_50
../data/NGC1866_images/coj2m002-fs01-20151005-0026-e90_aligned.sub.fits 57300.77271827546 -55.95577466782139 4.461631643138457 17.512344997716454 4.148358944505389 4.260476822644207 4.107107478082432 14.87036013484527 4.102290333558342 -52.64482136374628 4.200588266133121 1.4134396619679803 4.121122210831684 -99.26135820120167 4.386030023052994 -4.929680087629974 4.1524430774863115 -14.736279986994239 4.099134727823204 2.756427302593816 4.165310253218354 -41.313627368318755 4.170462903801354 -14.319043506512221 4.199386395809068 403.77453207609886 5.400570097447854 -48.473092174586704 4.2179109241041415 34.589601852271095 4.1611259997823025 125.08407897337028 4.467373818022002 -107.17933044244691 4.400421265368605 8.72727693442302 4.1411298454955086 -12.203936729361459 4.163200350585295 -96.25111146817602 4.381994309838043 -51.17564008603951 4.222229637912617 13.821130813619105 4.180968427340994 208.330894191339 4.7710164830776405 -8.63174060011903 4.110798215362996 3.0769955885108073 4.259047887696665 -51.412066689890985 4.302366799225493 -3.4147992767675843 4.148350222583431 -7.908880105562835 4.280168681924106 -30.74880210553675 4.181823384545275 -6.069719934503002 4.138192571116112 285.7576931415949 5.023507665637701 -6.509593703609897 4.153998587818763 40.68246551578336 4.222957597562043 389.33326085813115 5.356284494377541 63.730826586339965 4.29810406228546 8.205145695031558 4.105934232018817 -19.550522725616805 4.132841920944375 95.69784289210483 4.36222697012841 55.00229620988976 4.950919300590187 -42.92310385279016 4.17738644640492 -207.71985200688363 4.7575695727353775 -15.615134818134432 4.326416833421066 185.91582135802025 4.682603974373375 -97.54325459939012 4.367744477717422 24.804675778638817 4.246273795056331 -2.8275464009155216 4.137773701848725 4.217800458330963 4.156085181548957 19.017403889438526 4.213834661266075 -14.118937944345502 4.081415684075328 -24.17201321312663 4.261548752732097
../data/NGC1866_images/coj2m002-fs01-20151008-0155-e90_aligned.sub.fits 57303.76835224537 -254.69811506446646 5.627860130004238 -30.227166146871458 4.753263855929393 -14.685701837628383 4.2216668469474845 -0.11513997515606061 4.09395781733661 -10.466175725009874 4.126288763455666 19.69341621382396 4.121792518303052 -115.97727942180336 4.4291652673558275 -23.487707933418577 4.168980299697335 -76.22553968071131 4.2990158823156595 -15.003207879807384 4.179204474387993 -69.53129490392921 4.255458091214121 -6.496137043128427 4.238596494359838 -346.47467272984153 5.2207573997986945 -33.570973715830675 4.206379254076176 44.93677944033693 4.1726079649281385 128.9529218024923 4.474239338314139 -126.75448339162358 4.467349674230255 8.632876969881544 4.104506749161369 -12.476157293326805 4.163428672848194 -107.6695613426412 4.4070169248084925 -77.32890339440965 4.283195001849056 53.99239979172516 4.236847178064335 163.73339918813147 4.63423992658015 15.089376524057627 4.117398262182446 45.75196113771417 4.381122415056067 -60.27912345487355 4.379003059936508 1.4557840220233997 4.098814974117068 -22.171436629681818 4.146215139759442 -23.479108254186233 4.12088480326951 -12.91192510665325 4.182173611803326 312.7068146677503 5.11207198393956 -25.999890321630538 4.11432363082029 54.30721461297269 4.240715166880479 351.9087472155236 5.238845510715196 113.4808367804323 4.4755457779269525 -68.92863018367748 4.26154684811354 23.470107029470604 4.107470320376739 -21.347470051275405 4.084007756817405 128.3532180883229 6.151695087263744 -59.13023368969003 4.220068079921362 -254.52842000984603 4.918463927197452 -85.26897197006711 4.5726084300727114 191.60377023096194 4.700490558522555 -125.13050381992144 4.460186263139018 -65.419593643241 5.142686235134336 -19.765443976500062 4.169973255772485 6.4905949061675114 4.141089226811965 -31.510705560083725 4.747243724622299 nan nan -80.73306866668709 5.271101052791584
../data/NGC1866_images/coj2m002-fs01-20151010-0128-e90_aligned.sub.fits 57305.76470209491 46.524190409899695 5.119441509121659 20.90655922867816 4.237830594207757 -1.6147374382048565 4.242219313524333 6.526216667731054 4.087564510032487 -32.764377416605406 4.155689949751648 -228.71447617260299 4.830485640190138 9.097864793267009 4.069478695132171 -10.0121740750148 4.140386281612607 65.37037699743499 4.239813916380198 14.644221598964984 4.23046982780227 134.12191236207607 4.496266128202078 17.066112491035053 4.3043571521857 -259.3024995942552 4.934710829983433 -7.155462893742819 4.315590861699379 18.413134023668768 4.079797242419382 142.10071630589292 4.525014727549201 82.43788508230682 4.310178345489427 11.146844323789821 4.077185920725855 5.42396559446595 4.144057675550305 -26.996177661821203 4.117869161301427 -16.421023843485564 4.092636063852668 34.61281327440644 4.157275804410544 -1.88164573873116 4.126315246229118 24.401029157096332 4.110133644195074 82.14340819522158 4.332667539594186 15.81982408535743 4.256185186153155 1.1280813137660772 4.14017698232389 -19.64196519621822 4.158086861619656 15.01309892495943 4.095652038399357 5.435500142292105 4.2530687906591655 -41.05575530260726 4.140133628285485 -6.326155214349618 4.088302378466892 63.69853374461852 4.27600507135925 -32.21923421351374 4.147680370381019 -198.35609828439408 4.727897029961403 200.2908219376766 4.731590748810496 -37.93954144081318 4.141026358884533 -21.991090766889435 4.089005324853211 343.3885256037466 7.686068680523923 8.741509532663882 4.067565738820537 -59.17059264438125 4.2100051711355535 32.33299038891008 4.593997023315597 -93.25365765095633 4.339833882401044 -13.153273197664028 4.084119097931654 56.1271905278471 4.880393249860522 1.6559688764109848 4.110835612874083 -1.5745626751069763 4.089910581849488 55.69071234195242 4.471469597486594 -11.955159133174634 4.058968252518345 57.549806725533855 4.7021985369547235
../data/NGC1866_images/coj2m002-fs01-20151102-0104-e90_aligned.sub.fits 57328.47109016203 nan nan 14.810136101257042 4.148574320903351 -18.96971896874569 4.207123821356921 12.580965912487196 4.137715883847353 56.960140149468 4.296357456760919 -65.2990230850817 4.2775667192861535 -64.28743915771163 4.274334221881827 -7.440557917166559 4.28727844029888 -150.61210212769996 4.558777988034602 15.513394826259937 4.179228277537043 -156.66073502050003 4.578704869216831 12.206064696927301 4.204002530751764 219.14712932754344 4.7995939203363225 -10.830460184526705 4.367826359805983 44.623469693397205 4.205648918225067 90.59226176060719 4.3535885879306955 -131.07428155000403 4.487530333425368 -58.69329032889781 4.252531674998852 1.7829128800592218 4.32716327773663 -89.66869532376772 4.382637974816841 85.62465490454647 4.346387317996535 -45.19606374387586 4.276564834331822 252.59045319364705 4.926392184178653 7.9106172474355025 4.195895464402615 230.96967000443817 4.852623571570502 144.18947583831684 4.595189216806514 3.1630039758317112 4.194459678387309 -7.815023201229679 4.2814674926119345 70.18897065955792 4.376005301527749 3.5986845448490863 4.145080413056701 176.69006084737111 4.65635090084753 -0.25944057756217964 4.205903481225324 2.562350547336584 4.227463127568797 -54.83243598192822 4.296244066591705 -176.7446748037513 4.670354417011819 -86.95622222719246 4.3349718829940285 -29.21873422597149 4.180990524496228 -11.818955629420556 4.150423483510363 -24.418592781206346 5.363457250530673 46.47131144997647 4.232935281682409 -234.34302876289794 4.8518142862888425 26.499277562379998 4.367134571819017 171.2744072271989 4.6401946711839015 101.099815872408 4.388488428946099 10.992178361757563 4.331479071320873 -7.621974131289191 4.165324399157607 -18.110737429592646 4.229902132199922 -2.9793956783002735 4.2890267116302585 nan nan -54.70188951820445 4.691406701473203
../data/NGC1866_images/coj2m002-fs01-20151203-0095-e90_aligned.sub.fits 57359.42349575231 41.009014381479616 4.390015822780969 12.180156998692329 4.143804007699032 4.067637790015763 4.104910508970458 5.017941178066868 4.122310918905606 59.199193603364 4.259013851377841 -165.8549646235777 4.608199826635883 -12.552351840683503 4.07716119902134 -8.82139330423221 4.219072499117891 -100.30160556581687 4.3699596440505655 3.495967065413884 4.1724604507830865 50.677360487422874 4.201726336829697 -3.6214439726242573 4.15061167743126 257.3623598616215 4.928551953154334 26.761849490394304 4.2173558853954125 69.2916762112457 4.264988943320724 -36.63748447428933 4.193660065342061 -150.61942183332226 4.553551880992069 -22.592572119832155 4.13489187456854 10.584512795212655 4.16849106863023 -41.066690058854356 4.215430936683584 245.84971989735922 4.893257209281338 89.85434406365759 4.352954201266216 158.9796699536185 4.599990339818432 13.046738387521968 4.112953348471394 11.365113563882536 4.256894301665245 94.46211362972706 4.38628351620313 -20.246073098080387 4.2050060378777045 1.1021625229897287 4.305946966540895 -32.224438569696126 4.226612571621881 3.678386810856873 4.108268460076067 115.95190557782203 4.429683076681974 2.4728883956567604 4.184860414591172 23.184175013120655 4.169352757085787 15.470826085423415 4.185589129125223 -39.703470876815814 4.248579195985856 -170.21936865584865 4.63055541186747 -4.8917135082848455 4.128450927559227 72.22481814162481 4.281045128687742 -157.38310577167212 5.469312892889074 -49.19071715174792 4.185897885556889 -162.8221387318223 4.599955701926744 6.628369812768197 4.315853056813499 161.35496193472662 4.593335498882376 -91.94578161388667 4.335261868680297 -4.464727089125523 4.337269890164587 -2.6877467171007434 4.08570493331051 -8.87206010295754 4.1162241825501935 11.591129987621368 4.192838780412625 nan nan -8.880093202808276 4.27239300791887
../data/NGC1866_images/coj2m002-fs01-20151218-0114-e90_aligned.sub.fits 57374.60393649305 -395.27519391517706 5.5411778623247985 18.145224655792358 4.263544360287039 -11.207215407959723 4.315785393267874 -20.669616344847913 4.14411905923749 -129.57410021041795 4.477678677262602 -36.23322605663536 4.210616556979013 92.55807100305893 4.341207828941426 -29.433954428823334 4.19809216926016 -8.387192418395243 4.086314775610691 22.021315727635226 4.26207898053664 -50.15648200825117 4.194998740763672 2.171576043125007 4.29361738321611 -274.5725952203 4.986031252242861 57.658672242096735 4.263005904770515 176.71163221050372 4.650334393494833 -61.53383825109822 4.230105125392573 -180.93687600241475 4.6640167009656 7.5611295537444185 4.116869146306542 -11.863459058784992 4.1367777288628185 -97.41546516209938 4.405732567537329 304.10715998080445 5.084598547787452 -33.055641949439966 4.1525681102559755 176.36340194796443 4.675179250917756 29.647649400040542 4.157019255596049 11.096617051812492 4.197038277320905 79.62631623006274 4.318411411232801 2.836643763631252 4.1894247270744795 49.73153124631623 4.274305643236649 -77.85573821472828 4.322853215069941 -11.16153448137275 4.096119516314492 145.0752476585831 4.548559540281404 8.616612268334213 4.119067665828664 42.40915156811146 4.1933909204324875 -71.9791247197289 4.264212665918329 289.7467130411813 5.042173892174721 -51.16546010598994 4.215029750247415 -51.423087771321775 4.217706326398042 -21.41486738635708 4.1042357630105935 -8.119682373584464 5.862992529680833 87.17984020636324 4.315789809463278 -246.25311960875305 4.8906330728293845 40.12289490187357 4.767859320925376 196.11869909613463 4.730491026726076 -112.68263189761268 4.420970123202639 -8.35810622408538 5.072991227483722 -19.089319166154496 4.2032761842929425 -6.8245462415696645 4.093921814404178 -13.096590910123089 4.515161656973321 nan nan -14.105071200833901 4.159730796335494
../data/NGC1866_images/coj2m002-fs01-20151219-0090-e90_aligned.sub.fits 57375.57166699074 309.149407555367 5.123322319300816 5.810722479730145 4.061007625591875 -18.01049609901188 4.1809997086738235 -12.83164218489819 4.091327459948411 74.73189141993866 4.294194835241668 -170.9086424061945 4.628073430294925 -82.17166273615008 4.300518038204369 -53.817132828294724 4.226295268623395 -142.11164088584488 4.52220646995677 -14.449587191130783 4.148154894596012 -147.61888667477868 4.543533977423379 2.353545133437443 4.117243419018026 -383.2208466738981 5.336762559667218 41.430732909505316 4.1836629169075 -7.3142204013632615 4.103820456366139 -56.81982485738728 4.224878090329176 111.27134088240254 4.410218575817475 -29.928170847310607 4.135304897449463 -13.873731562221586 4.085183664433285 89.42025820981513 4.361692941111449 35.51031765087109 4.143466008620328 122.90567001091013 4.4805140859386094 5.387246647001661 4.107694840257538 18.521762833391367 4.09003209381737 19.06954846871885 4.244088224426885 -45.62821312345447 4.288060364105623 11.816154125558866 4.11387613152659 -35.59839280688495 4.187751879474854 -89.97416516585332 4.352070732916858 -11.278011569938197 4.112323912680254 13.882610810531116 4.096643854611412 -0.12959639844731574 4.060035532666118 37.63403938926121 4.162537766017041 217.77497731420308 4.793584031875421 -48.4671939011816 4.186265154107397 -162.8422026445915 4.600122830317701 107.02162729862356 4.396418077934483 68.1408772134941 4.250753614331172 -97.86327434330356 5.081322444404156 -3.655535892334839 4.067016657171627 115.22413019359188 4.422062187293757 -69.84910595565393 4.414562835936782 34.426674669106774 4.154803453365316 120.9023361529741 4.442927324182335 8.828397468083557 4.116048870776238 7.222827617555269 4.065173063650161 -15.73320637388714 4.129624558258502 -21.21623749887704 4.10806390999077 nan nan -5.170812468627348 4.782670644130267
../data/NGC1866_images/coj2m002-fs01-20151229-0229-e90_aligned.sub.fits 57385.55530826389 -27.80923060299927 4.290106814238492 -0.9251731044157534 4.109452467173261 -12.9036375969531 4.096040033604281 1.9135796698911092 4.082557235157049 56.480510536786696 4.2243939307853084 -183.07905747539388 4.6704101810820315 -97.59263302952644 4.3603338077850715 -25.0546538413249 4.1326862153941795 -62.6957913683168 4.235127940567981 -6.369380202862737 4.14454484743997 130.01012965460183 4.4784029075312795 -10.64681201696558 4.167885385818853 -290.4295315476559 5.0386937860016605 37.502010054292626 4.177995815257563 -66.37619627808606 4.25176846390101 -29.254429776356623 4.135893603209448 -43.77266640121065 4.168407261802638 36.54878975913396 4.154240722675384 -5.074665842595018 4.129853451644126 -16.78061364598791 4.1676207105678085 -35.260423861334964 4.172976066343767 131.1177253403165 4.485980412023063 -30.17689130502803 4.17315154517754 -6.157939912209029 4.112999061676334 236.79048098801096 4.866416802724056 195.3371932259761 4.72085962865896 9.782403338498359 4.113269930476348 -7.9954833091679856 4.136245786862627 -66.75458450467511 4.2474892146914405 14.129495828024599 4.133423550722658 -4.647987510192996 4.109640973199851 -3.4618290857296823 4.104376351331693 38.49161601708574 4.173999981139623 2.7479129894757373 4.142341868482215 -90.5277650611304 4.361351630907113 -39.85168692897619 4.173621930765893 72.7625690815706 4.264459738241355 63.72044370701424 4.235104201657967 0.8422871064037465 5.2907722897598894 -4.068793225401029 4.100305660881575 -45.63603103091028 4.177943090321189 6.451393796861479 4.210252190917391 -41.15918168217511 4.161794212067443 -48.39227972173202 4.197778453040564 -17.42893120386848 4.166464149446408 3.16124584396628 4.102427792032666 6.288697825748825 4.113610606607351 -21.1741740248297 4.16205964540126 nan nan -15.967309004500724 4.17427247820155
