data/NGC1866_data_tables/Vband_variable_lightcurve_table.ecsv
# %ECSV 0.9
# ---
# datatype:
# - {name: filename, datatype: string}
# - {name: date_obs, datatype: float64}
# - {name: mag_1, datatype: float64}
# - {name: mag_err_1, datatype: float64}
# - {name: mag_2, datatype: float64}
# - {name: mag_err_2, datatype: float64}
# - {name: mag_3, datatype: float64}
# - {name: mag_err_3, datatype: float64}
# - {name: mag_4, datatype: float64}
# - {name: mag_err_4, datatype: float64}
# - {name: mag_5, datatype: float64}
# - {name: mag_err_5, datatype: float64}
# - {name: mag_6, datatype: float64}
# - {name: mag_err_6, datatype: float64}
# - {name: mag_7, datatype: float64}
# - {name: mag_err_7, datatype: float64}
# - {name: mag_8, datatype: float64}
# - {name: mag_err_8, datatype: float64}
# - {name: mag_9, datatype: float64}
# - {name: mag_err_9, datatype: float64}
# - {name: mag_10, datatype: float64}
# - {name: mag_err_10, datatype: float64}
# - {name: mag_11, datatype: float64}
# - {name: mag_err_11, datatype: float64}
# - {name: mag_12, datatype: float64}
# - {name: mag_err_12, datatype: float64}
# - {name: mag_13, datatype: float64}
# - {name: mag_err_13, datatype: float64}
# - {name: mag_14, datatype: float64}
# - {name: mag_err_14, datatype: float64}
# - {name: mag_15, datatype: float64}
# - {name: mag_err_15, datatype: float64}
# - {name: mag_16, datatype: float64}
# - {name: mag_err_16, datatype: float64}
# - {name: mag_17, datatype: float64}
# - {name: mag_err_17, datatype: float64}
# - {name: mag_18, datatype: float64}
# - {name: mag_err_18, datatype: float64}
# - {name: mag_19, datatype: float64}
# - {name: mag_err_19, datatype: float64}
# - {name: mag_20, datatype: float64}
# - {name: mag_err_20, datatype: float64}
# - {name: mag_21, datatype: float64}
# - {name: mag_err_21, datatype: float64}
# - {name: mag_22, datatype: float64}
# - {name: mag_err_22, datatype: float64}
# - {name: mag_23, datatype: float64}
# - {name: mag_err_23, datatype: float64}
# - {name: mag_24, datatype: float64}
# - {name: mag_err_24, datatype: float64}
# - {name: mag_25, datatype: float64}
# - {name: mag_err_25, datatype: float64}
# - {name: mag_26, datatype: float64}
# - {name: mag_err_26, datatype: float64}
# - {name: mag_27, datatype: float64}
# - {name: mag_err_27, datatype: float64}
# - {name: mag_28, datatype: float64}
# - {name: mag_err_28, datatype: float64}
# - {name: mag_29, datatype: float64}
# - {name: mag_err_29, datatype: float64}
# - {name: mag_30, datatype: float64}
# - {name: mag_err_30, datatype: float64}
# - {name: mag_31, datatype: float64}
# - {name: mag_err_31, datatype: float64}
# - {name: mag_32, datatype: float64}
# - {name: mag_err_32, datatype: float64}
# - {name: mag_33, datatype: float64}
# - {name: mag_err_33, datatype: float64}
# - {name: mag_34, datatype: float64}
# - {name: mag_err_34, datatype: float64}
# - {name: mag_35, datatype: float64}
# - {name: mag_err_35, datatype: float64}
# - {name: mag_36, datatype: float64}
# - {name: mag_err_36, datatype: float64}
# - {name: mag_37, datatype: float64}
# - {name: mag_err_37, datatype: float64}
# - {name: mag_38, datatype: float64}
# - {name: mag_err_38, datatype: float64}
# - {name: mag_39, datatype: float64}
# - {name: mag_err_39, datatype: float64}
# - {name: mag_40, datatype: float64}
# - {name: mag_err_40, datatype: float64}
# - {name: mag_41, datatype: float64}
[...]
# - {name: mag_42, datatype: float64}
# - {name: mag_err_42, datatype: float64}
# - {name: mag_43, datatype: float64}
# - {name: mag_err_43, datatype: float64}
# - {name: mag_44, datatype: float64}
# - {name: mag_err_44, datatype: float64}
# - {name: mag_45, datatype: float64}
# - {name: mag_err_45, datatype: float64}
# - {name: mag_46, datatype: float64}
# - {name: mag_err_46, datatype: float64}
# - {name: mag_47, datatype: float64}
# - {name: mag_err_47, datatype: float64}
# - {name: mag_48, datatype: float64}
# - {name: mag_err_48, datatype: float64}
# - {name: mag_49, datatype: float64}
# - {name: mag_err_49, datatype: float64}
# - {name: mag_50, datatype: float64}
# - {name: mag_err_50, datatype: float64}
# schema: astropy-2.0
filename date_obs mag_1 mag_err_1 mag_2 mag_err_2 mag_3 mag_err_3 mag_4 mag_err_4 mag_5 mag_err_5 mag_6 mag_err_6 mag_7 mag_err_7 mag_8 mag_err_8 mag_9 mag_err_9 mag_10 mag_err_10 mag_11 mag_err_11 mag_12 mag_err_12 mag_13 mag_err_13 mag_14 mag_err_14 mag_15 mag_err_15 mag_16 mag_err_16 mag_17 mag_err_17 mag_18 mag_err_18 mag_19 mag_err_19 mag_20 mag_err_20 mag_21 mag_err_21 mag_22 mag_err_22 mag_23 mag_err_23 mag_24 mag_err_24 mag_25 mag_err_25 mag_26 mag_err_26 mag_27 mag_err_27 mag_28 mag_err_28 mag_29 mag_err_29 mag_30 mag_err_30 mag_31 mag_err_31 mag_32 mag_err_32 mag_33 mag_err_33 mag_34 mag_err_34 mag_35 mag_err_35 mag_36 mag_err_36 mag_37 mag_err_37 mag_38 mag_err_38 mag_39 mag_err_39 mag_40 mag_err_40 mag_41 mag_err_41 mag_42 mag_err_42 mag_43 mag_err_43 mag_44 mag_err_44 mag_45 mag_err_45 mag_46 mag_err_46 mag_47 mag_err_47 mag_48 mag_err_48 mag_49 mag_err_49 mag_50 mag_err_50
[from data line 9]
../data/NGC1866_images/coj2m002-fs01-20160108-0121-e90_aligned.sub.fits 57395.62871491898 65.38762491396001 4.327614623324734 -1.8646889604351722 4.087241514841084 6.535884819757288 4.1304086625512335 -12.34120831304153 4.109899210223251 24.211069514918915 4.151710082927173 -234.35182442611458 4.850735314913563 -90.07116209253302 4.335738458697105 0.28874108877901583 4.100562573332435 30.8491829794583 4.147659147506846 -2.749433295118576 4.153313480531847 -102.57623370742157 4.376631856394821 -22.04931304024359 4.24906738911425 -312.8113448131564 5.112147427805028 39.213786276260564 4.158613286235981 -45.23817144443426 4.195101557544255 -5.589185727521217 4.104738843730665 -146.338728632875 4.545987401390172 63.49245126263881 4.230027471826297 13.918484349826599 4.1614892625566595 -93.64983933893465 4.40271193880291 182.04263792885868 4.673307966902914 96.175916141995 4.385607493280975 281.3151999210596 5.022534142486671 -16.39216429204098 4.114198440692991 102.76997502805578 4.4970084884679835 11.362205111137577 4.3210599343225 5.289979832653905 4.16893810472759 -11.261905473013018 4.255960689528385 -38.98934690966698 4.201656460742674 4.3893142833407275 4.146995936518737 256.75164987736673 4.925991771561754 4.613890653367447 4.087564839933306 -10.941770493819257 4.232268292608881 230.07744228890664 4.840559322158275 -118.57956687454717 4.481397609027722 253.93355659266203 4.9165150617254705 6.052028322546964 4.091789775873453 74.25710897080826 4.269141601386318 -5.999306056635051 4.9994900389600705 -5.812158356839727 4.104413557590786 -257.69073030338205 4.929209042432615 32.35001904663546 4.562137582167791 -48.55342731763758 4.199120058382171 -107.25682467741413 4.395874503084551 38.53425865063952 4.5201335383417645 -18.96014229033003 4.123803826673016 -6.315579296816992 4.094627127576168 -21.159062789173113 4.226635695060381 -25.61743609623234 4.100085549165583 -2.190163134666266 4.136901491818764
../data/NGC1866_images/coj2m002-fs01-20160109-0130-e90_aligned.sub.fits 57396.56793430555 88.62481030746034 4.451142126655463 5.222328053413144 4.163581598996115 5.1602241412873 4.105526045933901 -4.637133380307794 4.061111890919127 -53.969998863740145 4.192080546755213 157.8161498975458 4.579081819697508 100.23399859437308 4.369072912166061 14.659771497711539 4.145985350437591 -134.52178136844205 4.494036089161787 -17.794111611971932 4.173978696296154 -177.92049088509697 4.652347951871728 8.876857747838988 4.120842956573791 -370.62727466882694 5.297286930853305 nan nan 91.48831223173897 4.34337298304485 -28.470797675839613 4.111127535718273 48.79250545881364 4.188725879955694 -70.25388041413422 4.254538882335289 1.9911263126128917 4.100210988940831 -2.0652326115051953 4.097822060385518 81.44124890957411 4.323252164571406 -28.225519128269426 4.140999232126217 57.32048022807605 4.220500061942881 -14.128342503412025 4.098226345231567 -27.84947623227182 4.21368300144604 -85.21126898306582 4.331446112052833 -8.42753410664139 4.129832536370597 -14.295804267221447 4.132017688957898 -47.14255754003102 4.182655272040849 -7.361559809395941 4.066602365623928 59.70037229408073 4.2168490859149355 0.9543303412654541 4.091060100801837 -16.15126176268563 4.120286890126847 12.775525874899436 4.0920018787555925 -165.79946830616854 4.613071269447903 -99.1101250163704 4.364003635207686 90.47749361566815 4.335245134738425 -47.207213629842855 4.163032065278818 -97.02007959308877 4.9344512795597115 -69.88876998160227 4.261107786640538 142.48071015642608 4.523405932834637 -10.497147265949426 4.2137850285449465 130.98630311002287 4.482980017370924 66.51714524592005 4.239431966922971 14.330989829263697 4.180473453240563 -5.023479984520097 4.06124207815779 6.851749409615818 4.068136165154649 -9.463678685666952 4.224068710579382 -21.19189144920248 4.074427363330122 1.4472461239250871 4.1738172078388756
../data/NGC1866_images/coj2m002-fs01-20160110-0136-e90_aligned.sub.fits 57397.59830553241 -68.28014648966884 4.417561263809464 -28.48516424287492 4.210732498511803 4.2162061412220275 4.152010643985676 -2.499754289245841 4.11200575009038 -3.4778046766056914 4.1417305084534 -122.48306358199298 4.448570051514921 -79.70693073256618 4.2899766537993465 0.20074170152045787 4.209061999658598 -45.52577555607954 4.164074627733607 -8.513632853329806 4.194869433957505 137.53865011502637 4.513768629601935 -10.967730091961553 4.184334146542039 52.64034354603442 4.249084819613403 nan nan -64.27607599109949 4.2403998932050255 -20.122534300394815 4.138608133407371 -54.966542614238406 4.207635040039782 61.43807917519886 4.22810706186531 -16.960616080949386 4.209052609099852 -16.019542365537237 4.206165050912793 -51.74513404492446 4.222115805680998 -49.42962208488395 4.202205087777711 -47.54529562966918 4.237556951941851 -16.473267386747608 4.099117133881377 17.999272211837706 4.242316650120433 92.92343887599446 4.417808017250023 -11.332303671266182 4.208292955231469 -14.252980555532618 4.25429044875776 -59.80014589181014 4.265762249981719 -19.133467316414933 4.127695096688051 -42.495767102140334 4.157402914982355 3.3908890160768066 4.114551546591623 -12.382015908541222 4.197857733368193 -29.363139175017483 4.151151108172436 79.58682245912685 4.385929999238562 -202.37945233311834 4.738462891314362 -38.709811552834 4.156883709582383 77.48658437012378 4.286429787403164 -1.9372640182988496 5.227918495490291 54.05795328196495 4.221107371560356 -98.31415070186978 4.359182771489404 -30.9678317611689 4.5229555586722645 -40.5286948730274 4.155560812537329 -95.98338244584929 4.355900302747676 -10.116505371977363 4.484999153529586 2.247848864866539 4.098503537678881 -1.4952627626735748 4.1452994068209295 -11.807235146509774 4.259739647149511 -3.870573745242606 4.0568282175533295 -35.78764542523701 4.64128252169512
../data/NGC1866_images/coj2m002-fs01-20160111-0083-e90_aligned.sub.fits 57398.57145054398 46.23439490923692 4.722071755378604 2.142539021200743 4.102139218238337 -5.60727142853939 4.177529534557933 -13.746768401850867 4.133447946508823 -79.19252462531549 4.29165646848928 -235.84921879236114 4.854871462614255 -122.45976689176392 4.45366965781212 17.22942701225524 4.1938740928682146 -49.785964391513815 4.184237952093511 -5.220735138142962 4.193585381834174 -105.9800244333119 4.386660030018668 -9.0762616016408 4.14730728173579 -245.40259867586167 4.8876751049490545 nan nan -93.08219111929884 4.3445047572837545 -3.3509553571049278 4.0975634020186025 -164.38755230429695 4.604487045292292 -82.23082704705394 4.315205188246694 -1.799247011983058 4.131437720832787 -99.81729425951134 4.389077078729105 70.43059858854775 4.281494829642315 133.42554290317167 4.5085580457220535 252.75109714364837 4.940319449100806 1.6059776306607045 4.087102293805128 153.3649519628145 4.635561432074923 36.36044750148746 4.339667258939672 -8.153312773163618 4.228673295036863 -23.983701821640874 4.191907920810882 -27.7448147799902 4.190380182170914 11.950283701556135 4.152165788238218 296.1793249502621 5.0577778485823846 3.4490276180281967 4.088891886512257 -16.1693703801051 4.144057464038495 207.5236625427985 4.764354056126718 -98.28931938767904 4.384915352681647 134.90534992468292 4.496175777387347 -95.13274345300076 4.353713424127423 -38.8351212657517 4.14713620202146 -13.59283896314785 5.236113057490678 34.7051293002615 4.149557186289417 -224.82380178341663 4.816755497342727 12.797016632163855 4.222350656598491 -82.50065664216808 4.307833287065005 -114.85482495767793 4.423665618582825 -6.036542537695979 4.180342357135464 -14.332432013186413 4.104670855481774 -7.94396753481221 4.150197939392344 -5.133663504621863 4.17115859882093 1.2970211282894692 4.165042969871335 49.38235846921579 4.446224537334637
../data/NGC1866_images/coj2m002-fs01-20160113-0085-e90_aligned.sub.fits 57400.49595163194 -211.60227086263927 5.568848225486567 12.201281916905485 4.315510989992009 -2.4105213082753267 4.209512429869199 -2.3059237549255927 4.083600746265641 -25.907404262184805 4.110253810133552 -67.15214333914388 4.268138088627538 -49.092003952670474 4.173201555205199 24.81043937605855 4.199192565995801 174.9192659269665 4.643731123922074 0.9397995293093596 4.162411071262633 146.07544247427094 4.542835844368729 0.8665989125703669 4.234227907629999 451.76148527841207 5.546686407516486 34.612501834669075 4.264062878048859 -40.75782035818556 4.150485696216137 -36.58879163016285 4.134176241235611 -27.446037987242562 4.150212308537899 -67.4581687728457 4.2582494103215405 -17.223564280370063 4.169389564535905 30.09958783302023 4.164017446946525 -31.447551908258834 4.159354060572536 -33.5132464473226 4.1480295427147125 -41.03810111788733 4.1659623123257195 -38.875316351929655 4.147341152975065 -7.670298307246944 4.31491795117537 98.87180404063787 4.453154125002986 -18.826688440727843 4.153903980094726 19.35737366405396 4.1914320494876245 -15.182597227966783 4.1492428337862775 -3.3282067201219783 4.119344618459009 -42.10706441500765 4.160361143958528 -5.719926395807716 4.143730619701121 -9.385001557445376 4.165483501119453 -11.256753493144869 4.14370660381335 257.4140318493811 4.932558175991832 -196.40281213634813 4.719331477100654 16.75662011425492 4.09860721269139 -45.77605309136793 4.163000006772495 34.41091361738554 4.9247840170044315 -37.79597884826136 4.138466025682357 30.00615282755337 4.125900509189688 -33.04340855207567 4.462978240671845 -12.523973355280543 4.092228121481659 -98.08791355324595 4.359437539218592 -37.91717087168342 4.60979534128125 -6.336567930764305 4.096918564732844 -14.439441012182414 4.121313119205202 -20.65618545050622 4.51981030885718 nan nan -7.958398784470331 5.049232674677423
../data/NGC1866_images/coj2m002-fs01-20160113-0085-e90_aligned.sub.fits 57400.49595163194 -211.60227086263927 5.568848225486567 12.201281916905485 4.315510989992009 -2.4105213082753267 4.209512429869199 -2.3059237549255927 4.083600746265641 -25.907404262184805 4.110253810133552 -67.15214333914388 4.268138088627538 -49.092003952670474 4.173201555205199 24.81043937605855 4.199192565995801 174.9192659269665 4.643731123922074 0.9397995293093596 4.162411071262633 146.07544247427094 4.542835844368729 0.8665989125703669 4.234227907629999 451.76148527841207 5.546686407516486 34.612501834669075 4.264062878048859 -40.75782035818556 4.150485696216137 -36.58879163016285 4.134176241235611 -27.446037987242562 4.150212308537899 -67.4581687728457 4.2582494103215405 -17.223564280370063 4.169389564535905 30.09958783302023 4.164017446946525 -31.447551908258834 4.159354060572536 -33.5132464473226 4.1480295427147125 -41.03810111788733 4.1659623123257195 -38.875316351929655 4.147341152975065 -7.670298307246944 4.31491795117537 98.87180404063787 4.453154125002986 -18.826688440727843 4.153903980094726 19.35737366405396 4.1914320494876245 -15.182597227966783 4.1492428337862775 -3.3282067201219783 4.119344618459009 -42.10706441500765 4.160361143958528 -5.719926395807716 4.143730619701121 -9.385001557445376 4.165483501119453 -11.256753493144869 4.14370660381335 257.4140318493811 4.932558175991832 -196.40281213634813 4.719331477100654 16.75662011425492 4.09860721269139 -45.77605309136793 4.163000006772495 34.41091361738554 4.9247840170044315 -37.79597884826136 4.138466025682357 30.00615282755337 4.125900509189688 -33.04340855207567 4.462978240671845 -12.523973355280543 4.092228121481659 -98.08791355324595 4.359437539218592 -37.91717087168342 4.60979534128125 -6.336567930764305 4.096918564732844 -14.439441012182414 4.121313119205202 -20.65618545050622 4.51981030885718 nan nan -7.958398784470331 5.049232674677423
../data/NGC1866_images/coj2m002-fs01-20160117-0091-e90_aligned.sub.fits 57404.47574657408 -99.95781682993677 4.404887928782902 5.5096550669013515 4.101373184738516 -9.240144337357329 4.095719381178092 -9.730888753268404 4.082366056298382 5.93884588396981 4.15410677433278 -169.37076434528282 4.6219019917893185 -115.42249828020837 4.422636529652755 -1.22295417913124 4.149546341225494 -131.85896976262933 4.487360677153215 -20.279877254801626 4.138230008282408 -99.03510340684858 4.361681690483434 -7.683114723888255 4.16083879492515 74.34480087017855 4.2700051994007 35.97751485672607 4.164720682636977 -90.76048864644066 4.331204375344994 0.8376260506510708 4.083577319344752 -136.1561437820091 4.505219261609129 -51.16928748204778 4.217634906870854 -18.454140597408117 4.142014733800653 -89.78723596691778 4.345818551328106 -35.05211868369357 4.16638502477769 56.59320607228674 4.252480003764787 128.97475508162657 4.532089304159899 26.044355847295506 4.134274577735158 211.33022465536857 4.808466908354999 44.380757698787846 4.432510008325702 10.3729606863387 4.10805373426035 -9.511024593812136 4.143910812108695 1.5093522278573444 4.097522110170021 18.851542046107685 4.111524104773795 345.9225325400338 5.219092782441109 5.976114477713896 4.063509334262352 19.75992131246219 4.108810940433267 135.01131155894208 4.506274089501488 -19.681917382121476 4.114680901032838 -30.51053183347289 4.133682466680173 -28.883144454260783 4.1228067617437025 -36.805998993642 4.130780896611399 -87.12765223416133 4.926895436668817 79.98660790576886 4.294437588658483 -70.3591460916776 4.260120826586924 22.143150447029964 4.289185048406982 -61.9599632577667 4.224090692258096 -115.81129093418686 4.423941881238785 -86.6332185856364 4.491277698430863 -6.73812621856372 4.0930950318460555 -0.9750554414786324 4.088879430975187 -17.803531392614914 4.297637047546232 nan nan -28.73789854199354 4.68292453852039
